---
password: 3b3b5462145f173821eac98a6c397457203a8a29271bfa2ef59bc9fd1f4d790d
ip: 49.230.61.236
firstlogin: 1552000083381.000000
lastlogin: 1552490550746.000000
...
