---
password: 9c6304f80d6f948a96484a1b4412b9b60bbe77b2684d244d2497067b4404ecad
ip: 223.24.189.54
firstlogin: 1551531624227.000000
lastlogin: 1551574791861.000000
...
