---
password: 15e2b0d3c33891ebb0f1ef609ec419420c20e320ce94c65fbc8c3312448eb225
ip: 49.230.180.7
firstlogin: 1551868925603.000000
lastlogin: 1551868930606.000000
...
