---
password: 01af081dd6f94570f7cc1b8765e5ce1f3142a195ae47335c70af6f38679dc2e1
ip: 124.122.16.167
firstlogin: 1553346654509.000000
lastlogin: 1553346659078.000000
...
