---
password: 46a7a2a9778e47e37a682de0043244673370cb460c91e447e9ec607af1b1f09d
ip: 223.204.92.131
firstlogin: 1552980772049.000000
lastlogin: 1552980776397.000000
...
