---
password: 49d810242afea92fb285e9235adaed8bc116edf8d27475b1408a2ed7821e1fc4
ip: 182.232.44.254
firstlogin: 1551488796564.000000
lastlogin: 1551618205564.000000
...
