---
password: 03a36a54dd9ed8502a2bf07387e3b4804c51eae9925c00ba70d89c9039521b31
ip: 182.232.172.102
firstlogin: 1552786427737.000000
lastlogin: 1552786431917.000000
...
