---
password: 45fa4ccb523cc75c97a011748c8fc73d1c99c543a68beb2af1398c72427db97c
ip: 171.6.250.195
firstlogin: 1553316510576.000000
lastlogin: 1553316515678.000000
...
