---
password: 358b1c791fe2b7531ef5c20139617017ce5611c5d0c2ab6d133a43b19fe4939a
ip: 113.53.122.180
firstlogin: 1552762925731.000000
lastlogin: 1552762940052.000000
...
