---
password: 1df1854015e31ca286d015345eaff29a6c6073f70984a3a746823d4cac16b075
ip: 49.230.204.166
firstlogin: 1551681419265.000000
lastlogin: 1551682414157.000000
...
