---
password: 2403713f54137d23ab844b588682e34b5f1d4014111da284bab4c880dc0d8b32
ip: 49.229.151.9
firstlogin: 1552095326361.000000
lastlogin: 1552095333302.000000
...
