---
password: 1411242b2139f9fa57a802e1dc172e3e1ca7655ac2d06d83b22958951072261b
ip: 171.4.124.85
firstlogin: 1553424346556.000000
lastlogin: 1553424353982.000000
...
