---
password: 9756d03924f44e3c405b76252bf10fff401b81740827f44234bd2b2b9ac795e7
ip: 223.205.197.19
firstlogin: 1553389805758.000000
lastlogin: 1553389810138.000000
...
