---
password: 10e543c28a7073aa006f1c0a31c2854be831d5362b6c7df850c88cde664637f1
ip: 49.229.155.116
firstlogin: 1552123073469.000000
lastlogin: 1553485423249.000000
...
