---
password: 01bb4c945090d6fb3af4fb884ae97173d0095eacac33d0ad1013fef13ca09fb7
ip: 171.97.138.249
firstlogin: 1551584610460.000000
lastlogin: 1551584617736.000000
...
