---
password: 71e0781c0da104ca330725e23518358a1f34030e3a8fa4c9467e25fc3599d97a
ip: 171.5.6.214
firstlogin: 1552299413745.000000
lastlogin: 1552299424912.000000
...
