---
password: 53500c1a3928592cc2cd1fded997c2a04b50b2be8b6b6977b5b36bd9ab1456e7
ip: 119.76.121.46
firstlogin: 1552822372309.000000
lastlogin: 1552822380830.000000
...
