---
password: 8bb0cf6eb9b17d0f7d22b456f121257dc1254e1f01665370476383ea776df414
ip: 223.24.147.45
firstlogin: 1551874136383.000000
lastlogin: 1551874149725.000000
...
