---
password: 4a6ba5f5cdb658d94fc3f9076aa31c217fb1a69790ecc09592b04ce9d5db92aa
ip: 223.24.189.47
firstlogin: 1553133364831.000000
lastlogin: 1553133369083.000000
...
