---
password: 502235e7f4a391eae28177f24960d511eafd295600f5fd9ae44baecc81221992
ip: 101.109.91.132
firstlogin: 1552301617122.000000
lastlogin: 1552386043986.000000
...
