---
password: 3f9f8545400f07ae8566c53240115e7ecb64615cf342d364d92d5e230eddb819
ip: 182.53.104.183
firstlogin: 1551597894448.000000
lastlogin: 1551741444978.000000
...
