---
password: 58e12696b3c7a88aae890d7370564726c1f29ce7c3dcff24fb06476d1dbeeed9
ip: 1.10.214.231
firstlogin: 1552133975474.000000
lastlogin: 1552830532862.000000
...
