---
password: 15e2b0d3c33891ebb0f1ef609ec419420c20e320ce94c65fbc8c3312448eb225
ip: 223.24.164.13
firstlogin: 1553149602463.000000
lastlogin: 1553221759003.000000
...
