---
password: 63b045611d342ac2291b46efecd5f890f60ffc474ace77de4e04a0b65d7393de
ip: 171.98.127.188
firstlogin: 1552098480045.000000
lastlogin: 1553323862411.000000
...
