---
password: 1df1854015e31ca286d015345eaff29a6c6073f70984a3a746823d4cac16b075
ip: 184.22.34.86
firstlogin: 1551699146459.000000
lastlogin: 1551699151235.000000
...
