---
password: 63b045611d342ac2291b46efecd5f890f60ffc474ace77de4e04a0b65d7393de
ip: 171.99.160.218
firstlogin: 1552390287354.000000
lastlogin: 1552390290956.000000
...
