---
password: 09e1adacff17a66d5aa8d745f9f10bc88470970ea88825419540fbfa65731796
ip: 118.173.82.184
firstlogin: 1553355970498.000000
lastlogin: 1553434196519.000000
...
