---
password: 0376b3834e98d0aba78e8f371651468c7e82696263f2de64af884f54fb58aaa7
ip: 184.22.253.96
firstlogin: 1551847114152.000000
lastlogin: 1552486738063.000000
...
