---
password: 1df1854015e31ca286d015345eaff29a6c6073f70984a3a746823d4cac16b075
ip: 61.90.39.236
firstlogin: 1552030679460.000000
lastlogin: 1552110631568.000000
...
