---
password: 2bd9f26ead36a774ad992b185553067ae8fb718261b214c24fc5ac46622e9b04
ip: 58.11.24.215
firstlogin: 1552264328899.000000
lastlogin: 1552562801715.000000
...
