---
password: 848f328eb2c1a63252de98aeb4a67ae6e9822fc70f6ef433ab1ff3978887e23e
ip: 58.10.145.116
firstlogin: 1553160829511.000000
lastlogin: 1553160833563.000000
...
