---
password: 753ab01ad1a05d2681944e86dd449d22832fb54a3505c2d2772b042f7da98d24
ip: 49.230.241.240
firstlogin: 1551530420873.000000
lastlogin: 1551530428328.000000
...
