---
password: 480ddd4e8c601e216fc82ac257d6766b3b2a0884c1fe22951b30f550c26bd97b
ip: 171.99.161.67
firstlogin: 1551869144078.000000
lastlogin: 1551869147529.000000
...
