---
password: 63b045611d342ac2291b46efecd5f890f60ffc474ace77de4e04a0b65d7393de
ip: 58.8.152.189
firstlogin: 1551670440423.000000
lastlogin: 1552097815443.000000
...
