---
password: 27a9dee34b61612e8f8990d4e1c875541cddd46dd0a41f069dd521006d4f7bc6
ip: 182.232.17.234
firstlogin: 1552226329039.000000
lastlogin: 1553033925403.000000
...
