---
password: 1df1854015e31ca286d015345eaff29a6c6073f70984a3a746823d4cac16b075
ip: 184.22.157.158
firstlogin: 1553436314431.000000
lastlogin: 1553436320480.000000
...
