---
password: 1cc8223a4bbe27e85332138b55ce652e93f9b857b41d9c71a26e503abda471fb
ip: 1.179.238.108
firstlogin: 1552887399109.000000
lastlogin: 1552889007451.000000
...
