---
password: 9572aac1ff5bd608221b83fb601f7cc649d75d75648049aa6e18b7cd4bc8c083
ip: 182.232.173.131
firstlogin: 1551615456525.000000
lastlogin: 1551615460641.000000
...
