---
password: 77426aa051e0aa7fc386ea976410e8a87d2c36c00eee16e75aa2359d0bd58ef4
ip: 115.87.5.247
firstlogin: 1552025508981.000000
lastlogin: 1552361678822.000000
...
