---
password: 932f3c1b56257ce8539ac269d7aab42550dacf8818d075f0bdf1990562aae3ef
ip: 182.232.159.161
firstlogin: 1552907472605.000000
lastlogin: 1552907479718.000000
...
