---
password: 2b872f04e665e33d8f1453238f53bcc9cf19d9c0c2ce2fd36baa79db548b7b50
ip: 223.207.243.17
firstlogin: 1552056510781.000000
lastlogin: 1552305240959.000000
...
