---
password: 8c91989366e0a771b67f9b0c032c0fcf6a53e9333f756f36574122fe60924505
ip: 223.24.186.154
firstlogin: 1552627395665.000000
lastlogin: 1553007240547.000000
...
