---
password: 7e071fd9b023ed8f18458a73613a0834f6220bd5cc50357ba3493c6040a9ea8c
ip: 49.229.107.91
firstlogin: 1552127368741.000000
lastlogin: 1552127373191.000000
...
