---
password: 1df1854015e31ca286d015345eaff29a6c6073f70984a3a746823d4cac16b075
ip: 182.232.157.234
firstlogin: 1551885110995.000000
lastlogin: 1551970224542.000000
...
