---
password: 5e46c805c86c9ad46566425a1d51454429c10edffe1f63db7b8059510f805292
ip: 124.120.119.26
firstlogin: 1551439084079.000000
lastlogin: 1551439088621.000000
...
