---
password: 3064089480fb679f5b0b335071619fdc4a924b97d325459f29355f310c131f26
ip: 49.230.235.190
firstlogin: 1551689075731.000000
lastlogin: 1551689079321.000000
...
