---
password: 90634548a2c4fc46fc1b8865f4634dfdb042a12fbcaeb00eb61b1fb1c4d90863
ip: 171.7.112.88
firstlogin: 1553310368391.000000
lastlogin: 1553412631376.000000
...
