---
password: 9be0e3fe9f590ceb32a9c3e2b713d8213abbe8e7687cf4c0f9e975551de6aec9
ip: 49.230.213.214
firstlogin: 1552249264990.000000
lastlogin: 1552249268396.000000
...
