---
password: 8cc89da68ff96e13ddaa9bd4ba2303d1918c7c46836a06236d72f510398166db
ip: 125.26.5.169
firstlogin: 1552874182755.000000
lastlogin: 1553073465078.000000
...
