---
password: 6007535801a41087c6015a2d2e086944cf5c536ffc1e94361f3b0cc16c9033c1
ip: 202.137.132.51
firstlogin: 1551185274529.000000
lastlogin: 1553316238360.000000
...
