---
password: 15e2b0d3c33891ebb0f1ef609ec419420c20e320ce94c65fbc8c3312448eb225
ip: 183.89.192.56
firstlogin: 1552120125920.000000
lastlogin: 1552120130956.000000
...
