---
password: 8bb0cf6eb9b17d0f7d22b456f121257dc1254e1f01665370476383ea776df414
ip: 223.24.154.151
firstlogin: 1552027930133.000000
lastlogin: 1552027937350.000000
...
