---
password: 1df1854015e31ca286d015345eaff29a6c6073f70984a3a746823d4cac16b075
ip: 1.46.165.17
firstlogin: 1551577059657.000000
lastlogin: 1551795953143.000000
...
