---
password: 932f3c1b56257ce8539ac269d7aab42550dacf8818d075f0bdf1990562aae3ef
ip: 49.49.233.243
firstlogin: 1551445948295.000000
lastlogin: 1553432341554.000000
...
