---
password: 1df1854015e31ca286d015345eaff29a6c6073f70984a3a746823d4cac16b075
ip: 1.1.208.181
firstlogin: 1552201770815.000000
lastlogin: 1552201776367.000000
...
