---
password: 1df1854015e31ca286d015345eaff29a6c6073f70984a3a746823d4cac16b075
ip: 101.51.245.121
firstlogin: 1551612584585.000000
lastlogin: 1553430344504.000000
...
