---
password: 8b2f78277f38ff030c9a47dd241ae60540e4b686e08f29dee1cf63a88879c52a
ip: 182.232.188.75
firstlogin: 1552214252082.000000
lastlogin: 1552214260731.000000
...
