---
password: 1df1854015e31ca286d015345eaff29a6c6073f70984a3a746823d4cac16b075
ip: 125.27.108.158
firstlogin: 1551842598599.000000
lastlogin: 1552228980178.000000
...
