---
password: 1df1854015e31ca286d015345eaff29a6c6073f70984a3a746823d4cac16b075
ip: 118.173.6.67
firstlogin: 1551796858134.000000
lastlogin: 1551967927581.000000
...
