---
password: 1cd93b6d44ea0f32baaf47a3b8482eb2833ab0a9b781bd2e24bf6b3349dda483
ip: 182.232.29.195
firstlogin: 1551233189470.000000
lastlogin: 1551245132572.000000
...
