---
password: 61a2f84095d7c5c7231a0347da5ae398676d369d5aaa5e26619092d9757f8dfb
ip: 171.4.218.39
firstlogin: 1551707402057.000000
lastlogin: 1551707406588.000000
...
