---
password: 4b0721cd40212668214d462241ebd21df24b3b9e339708040a488fb0b52afb25
ip: 182.232.29.91
firstlogin: 1552144042511.000000
lastlogin: 1552144046999.000000
...
