---
password: 720d014b703772b3a32810f64609a32a7a5b0c063bac82547d034d26710ca2fc
ip: 49.48.33.152
firstlogin: 1553421891637.000000
lastlogin: 1553421899558.000000
...
