---
password: 09b24abdb72b8ce4159cd15cf06cd6c02999eac5d316e54e03ca2a103f3cb778
ip: 1.4.232.174
firstlogin: 1552317594889.000000
lastlogin: 1552836567443.000000
...
