---
password: 1cd911642c8cd56afcfc8c2ac15618d41e1bd29f894a6ad8c1ca40800fbf54e5
ip: 101.108.28.83
firstlogin: 1553358840399.000000
lastlogin: 1553358844645.000000
...
