---
password: 20b3df11e7a4a4a6b4e51b874392413ac37411896c6b1957eac94546cf946b5a
ip: 182.52.134.116
firstlogin: 1553311559224.000000
lastlogin: 1553311563015.000000
...
