---
password: 6b1bc9c422ae042e06bd7acdc0666dcdc804a02ba344f89bea6b7ae89ac206d1
ip: 171.97.75.126
firstlogin: 1551616816146.000000
lastlogin: 1551616826595.000000
...
