---
password: 7d410adf9d555b85108919ca823bdcd57a16c93d38ae1e7efce0691a916b8446
ip: 1.46.97.219
firstlogin: 1553175305842.000000
lastlogin: 1553428568377.000000
...
