---
password: 6e58d5c3ebc1ff44a052b4813c9e03c331040ad1bbc9543ea0466177156fcfb5
ip: 49.230.109.172
firstlogin: 1552532368591.000000
lastlogin: 1553482748491.000000
...
