---
password: 359b292f2558b6df8772c7672dd5c6c1d234ac925dd43857c33f125f7a4af41b
ip: 182.232.35.34
firstlogin: 1553327247550.000000
lastlogin: 1553327251829.000000
...
