---
password: 1df1854015e31ca286d015345eaff29a6c6073f70984a3a746823d4cac16b075
ip: 125.27.115.57
firstlogin: 1551870982302.000000
lastlogin: 1551871025063.000000
...
