---
password: 5db6afaf0144d548a0d171e7f27757d9626afbec2167e966122a15081f23ed59
ip: 171.96.191.77
firstlogin: 1551674386978.000000
lastlogin: 1553420583476.000000
...
