---
password: 5db6afaf0144d548a0d171e7f27757d9626afbec2167e966122a15081f23ed59
ip: 171.96.187.250
firstlogin: 1551691375900.000000
lastlogin: 1552033899186.000000
...
