---
password: 9257970bc4c4163c673336f01cb5ceb1180214012ddb1b438ec5696948fd9121
ip: 110.169.220.226
firstlogin: 1552640698696.000000
lastlogin: 1552640705583.000000
...
