---
password: 723ba401caf719fd3efb83ebd6c5e0fdfdf5298211227f5c207bd647f82fd770
ip: 183.88.156.109
firstlogin: 1552640832131.000000
lastlogin: 1552640837467.000000
...
