---
password: 14752981e140eeda90515ff4b6b21966b601510cec5e855e5cb1b87cf7f9ea8f
ip: 171.4.247.81
firstlogin: 1552119681596.000000
lastlogin: 1552119690208.000000
...
