---
password: 5481051ab5b5fecd91b1e0b2516a6bf11ea613e113f8b3c39f59971ed419f515
ip: 223.205.232.225
firstlogin: 1551978792163.000000
lastlogin: 1551978795876.000000
...
