---
password: 01ee39e900ed8c61f3b0225176b60492a921fac0864e4586414a356975120e90
ip: 182.232.172.50
firstlogin: 1552973653897.000000
lastlogin: 1552973666306.000000
...
