---
password: 155f7abf35db75820932c0c1d19826472e52e91d5727e3d19e9f734a08d50aa6
ip: 171.4.242.251
firstlogin: 1552054295353.000000
lastlogin: 1552054342381.000000
...
