---
password: 7c245f0568128c98a26c06492f779c8ab3d9ce57b063ef900e7bdab8b66e015e
ip: 171.4.247.81
firstlogin: 1552120808990.000000
lastlogin: 1552120821369.000000
...
