---
password: 9410783dda4dee8e3971ecfd12b35f347841e8e7f1311a05db8c41d4101d8e6e
ip: 87.172.172.14
firstlogin: 1552065086118.000000
lastlogin: 1552065090039.000000
...
