---
password: 123a4aa00c2104f6faded0fb503432441740baa7236d26611562ea88225f55ae
ip: 223.24.186.200
firstlogin: 1551963885583.000000
lastlogin: 1551963899051.000000
...
