---
password: 2f6d046a9e637c69bdf5f072e3af9a47a494eb90adbe111fcb9b6f0f7197c2f6
ip: 125.27.196.104
firstlogin: 1552022530429.000000
lastlogin: 1552135747620.000000
...
