---
password: 091364025ac80949dbc4413fa467bc2035f094a22ffdc95a64e81b10b144b4e8
ip: 1.1.234.164
firstlogin: 1552395944981.000000
lastlogin: 1552395949167.000000
...
