---
password: 56aba25200a3e0afe976a3be5e3030c78222310ffa527f4e1c543b166f85b45b
ip: 182.52.28.5
firstlogin: 1553257253054.000000
lastlogin: 1553257259047.000000
...
