---
password: 57caea77312822fd4d3cdca22f47ec3b658ad7f2791c40ad148de5ca7d5d62d1
ip: 49.48.248.146
firstlogin: 1551269322732.000000
lastlogin: 1553411049037.000000
...
