---
password: 2e345f7727c2462272523d975c2d30d07f765bf94909ad6620fa30938cb386ae
ip: 223.204.1.47
firstlogin: 1553307236902.000000
lastlogin: 1553402865956.000000
...
