---
password: 1df1854015e31ca286d015345eaff29a6c6073f70984a3a746823d4cac16b075
ip: 223.204.1.47
firstlogin: 1553319890660.000000
lastlogin: 1553319895578.000000
...
