---
password: 046386d841612bdb1cee901d4bb863f779c119177fd5bb7252c70a67e00ba821
ip: 125.27.51.200
firstlogin: 1552100872566.000000
lastlogin: 1552100900770.000000
...
