---
password: 7da567684a284991698474dc20d12a57af2234746bf687ebdf9ad4fb8fc5cd90
ip: 49.229.135.147
firstlogin: 1552011621890.000000
lastlogin: 1552011628600.000000
...
