---
password: 7b18d2ca4836d3fa23445c7b9ca162e859f1f06cee42e3dc177d2ab5e470a268
ip: 101.109.81.191
firstlogin: 1551594937191.000000
lastlogin: 1551594942136.000000
...
