---
password: 7e6d4743736f1d499c83c3c80c77ad2fe2735cbfa05dde9df7a73466c348203e
ip: 223.206.133.247
firstlogin: 1552705536783.000000
lastlogin: 1552718546989.000000
...
