---
password: 1ede9563edeedc6493daf7e2d3c0de838df83d4fce3c94d2dee32da4c23c8661
ip: 182.232.13.182
firstlogin: 1552105761512.000000
lastlogin: 1553315018203.000000
...
