---
password: 78be7d056a9c5827c0ddd5fe25d6c7028367513c7e792684ae0b9c4db5f5a54d
ip: 223.24.171.163
firstlogin: 1552487398955.000000
lastlogin: 1552651099192.000000
...
