---
password: 7ae070b3f6eabb2ab6b71091f605696e6eb470594468c17f3bff35ea9448f0ab
ip: 171.6.171.22
firstlogin: 1552128054420.000000
lastlogin: 1552298194985.000000
...
