---
password: 94d750b9feae2ed3ae53bd00a75639ac73947d147e62f48d7edfe73d3a9233c9
ip: 171.99.160.226
firstlogin: 1552564570162.000000
lastlogin: 1552564575624.000000
...
