---
password: 5db6afaf0144d548a0d171e7f27757d9626afbec2167e966122a15081f23ed59
ip: 171.96.190.188
firstlogin: 1552618131679.000000
lastlogin: 1552618136765.000000
...
