---
password: 5db6afaf0144d548a0d171e7f27757d9626afbec2167e966122a15081f23ed59
ip: 171.96.190.188
firstlogin: 1552617409381.000000
lastlogin: 1552617413964.000000
...
