---
password: 5db6afaf0144d548a0d171e7f27757d9626afbec2167e966122a15081f23ed59
ip: 58.11.1.101
firstlogin: 1552480226042.000000
lastlogin: 1552480230864.000000
...
