---
password: 7e0c0492980b103e189fa1fb1235c383e122b4d05b84979a5158282d59f352fb
ip: 1.46.79.192
firstlogin: 1551177636457.000000
lastlogin: 1551177638440.000000
...
