---
password: 55452b7c360e7eabdedc974918015a94c4e64bd699946948ced48d44adfceb5e
ip: 223.24.186.170
firstlogin: 1552771236043.000000
lastlogin: 1552771241608.000000
...
