---
password: 1c83a872a3abf883a46f781f94b58fc93a127cb01617a0e5a1c6b87237872658
ip: 223.205.65.145
firstlogin: 1551975454567.000000
lastlogin: 1551975459402.000000
...
