---
password: 69f0c15e26fa18a4bcd241c4e544e855b86ae8342b7611569ee87c58a836973c
ip: 182.53.105.3
firstlogin: 1552912464847.000000
lastlogin: 1553340216162.000000
...
