---
password: 79f14b5abab6c518ec46943ba8f2d35064d27f56d59d730dab976327873cdaad
ip: 171.4.247.81
firstlogin: 1552119265171.000000
lastlogin: 1552119271226.000000
...
