---
password: 399e6f7b16f8213eba120df06996f0b5c6aba2220255a1c160ddbfd97bc0ed8f
ip: 184.22.20.17
firstlogin: 1551247297590.000000
lastlogin: 1551249629267.000000
...
