---
password: 0d82402dd103c0995eb45ecdf7f3ba85a2e83bb3d94fcb9ebc57101adbf09898
ip: 118.174.220.81
firstlogin: 1552718645809.000000
lastlogin: 1552718650505.000000
...
