---
password: 1c1322bab2fdce78cc02f9423d814c317fdf0de10f0cef695a5edb5df2a77389
ip: 122.155.35.76
firstlogin: 1551639219751.000000
lastlogin: 1552303016383.000000
...
