---
password: 6ab42159f56b9cff6fafcd9ce4960b27acbfadc76759333bc7b39645790a63ef
ip: 49.230.245.255
firstlogin: 1552042569594.000000
lastlogin: 1552042577596.000000
...
