---
password: 10e543c28a7073aa006f1c0a31c2854be831d5362b6c7df850c88cde664637f1
ip: 182.232.166.72
firstlogin: 1552727327169.000000
lastlogin: 1552727332367.000000
...
