---
password: 595499f88bb033d0e0da3e20b6e9756b7458ab6c22c40fbc394464ecf9610f26
ip: 184.22.190.59
firstlogin: 1553179305578.000000
lastlogin: 1553184164720.000000
...
