---
password: 4bdae12ac9ca688b4fd0cb135931994feb7d6c9222c271806540f58a37406f49
ip: 1.47.9.232
firstlogin: 1550746836349.000000
lastlogin: 1552478684261.000000
...
