---
password: 169844e66bf1b697fe5e6dadb5d945a8398a73402b23e26001e760df1ad61436
ip: 182.52.114.20
firstlogin: 1551832018997.000000
lastlogin: 1553425369154.000000
...
