---
password: 0830c29128abc87448868453a4dcce03cd8950df1cfcc3e3017dd739dada12fb
ip: 223.207.33.209
firstlogin: 1552105871618.000000
lastlogin: 1552105879150.000000
...
