---
password: 1df1854015e31ca286d015345eaff29a6c6073f70984a3a746823d4cac16b075
ip: 1.47.72.146
firstlogin: 1553389688601.000000
lastlogin: 1553389692644.000000
...
