---
password: 25778a779730e4a7bf89737ef3ad4cd336c2f19d16a98cc5f91a56fa63cad69f
ip: 118.174.123.170
firstlogin: 1552912273690.000000
lastlogin: 1552912278149.000000
...
