---
password: 3f47edf27905661b00f565e81f60fa408c4088825f613192c92b7eee133898e2
ip: 159.192.217.189
firstlogin: 1552368390575.000000
lastlogin: 1552368395677.000000
...
