---
password: 8c91989366e0a771b67f9b0c032c0fcf6a53e9333f756f36574122fe60924505
ip: 223.24.169.247
firstlogin: 1552531907359.000000
lastlogin: 1553242334121.000000
...
