---
password: 15e2b0d3c33891ebb0f1ef609ec419420c20e320ce94c65fbc8c3312448eb225
ip: 49.49.237.39
firstlogin: 1551505031193.000000
lastlogin: 1551505036157.000000
...
