---
password: 15e2b0d3c33891ebb0f1ef609ec419420c20e320ce94c65fbc8c3312448eb225
ip: 223.24.188.114
firstlogin: 1552640289467.000000
lastlogin: 1552710848416.000000
...
