---
password: 8bb0cf6eb9b17d0f7d22b456f121257dc1254e1f01665370476383ea776df414
ip: 223.24.146.176
firstlogin: 1551961078035.000000
lastlogin: 1551961082767.000000
...
