---
password: 84d89877f0d4041efb6bf91a16f0248f2fd573e6af05c19f96bedb9f882f7882
ip: 171.7.247.118
firstlogin: 1553320504028.000000
lastlogin: 1553414433532.000000
...
