---
password: 17417ebfe065a26e4fe02b9fe45db1e6905c1b61525b948af94f1cd273d81412
ip: 223.24.189.176
firstlogin: 1552482353734.000000
lastlogin: 1552482357973.000000
...
