---
password: 95234f027b5da5a09928bde5fc432a8a1e525559cab08b830e8bdff74a9db93a
ip: 58.8.33.109
firstlogin: 1551718141972.000000
lastlogin: 1551718145530.000000
...
