---
password: 611ff1be579a929782a03a688a198c4eae13b16f2ccf476f52d81b24dddbc780
ip: 118.173.203.203
firstlogin: 1552206159285.000000
lastlogin: 1552401760921.000000
...
