---
password: 1df1854015e31ca286d015345eaff29a6c6073f70984a3a746823d4cac16b075
ip: 223.206.242.32
firstlogin: 1552904928599.000000
lastlogin: 1552951403043.000000
...
