---
password: 9acadb30339c1a2fc2671529a526d839ae93ac91ebb86c93f345c9611ca1b90a
ip: 124.122.43.211
firstlogin: 1552626123913.000000
lastlogin: 1552626127671.000000
...
