---
password: 85ddfc1331de4b38618899e8b27629216404c4a91de894f87b539ed98984b513
ip: 1.20.229.10
firstlogin: 1551529853678.000000
lastlogin: 1553091213644.000000
...
