---
password: 1df1854015e31ca286d015345eaff29a6c6073f70984a3a746823d4cac16b075
ip: 1.46.6.78
firstlogin: 1551709024803.000000
lastlogin: 1552303866551.000000
...
