---
password: 8bb0cf6eb9b17d0f7d22b456f121257dc1254e1f01665370476383ea776df414
ip: 49.48.245.173
firstlogin: 1551943247222.000000
lastlogin: 1551943251338.000000
...
