---
password: 77134e66d234f8bcef3b9c415986b468f8536b3b01aff85cd27188afd77e7111
ip: 182.232.190.255
firstlogin: 1551335609002.000000
lastlogin: 1551335613065.000000
...
