---
password: 88f34ef1d434424fcec6d4a92d307f0f14ce7883e99ebca2f3dca0d20dccf5f2
ip: 182.232.166.62
firstlogin: 1551612834151.000000
lastlogin: 1552096269444.000000
...
