---
password: 1928510e3c06ca86d3606d71f7d368220173ce581d2b84d50790f0f3e165dede
ip: 171.7.246.180
firstlogin: 1551765488412.000000
lastlogin: 1551765492934.000000
...
