---
password: 97e39f65835e94fc4060a18278abd3d0648ad80c7053fb2a6fdc624a8af3ce78
ip: 49.48.247.127
firstlogin: 1552052170483.000000
lastlogin: 1552477940085.000000
...
