---
password: 9db246e4cfbf198464e9b9f7f99db9658f1c54bdcc969265fe32208a07b434da
ip: 182.232.5.41
firstlogin: 1553143461495.000000
lastlogin: 1553143466519.000000
...
