---
password: 15e2b0d3c33891ebb0f1ef609ec419420c20e320ce94c65fbc8c3312448eb225
ip: 223.204.240.9
firstlogin: 1552444813798.000000
lastlogin: 1552444817760.000000
...
