---
password: 7b9cf340cac41035bb85cbc1b1e63cb22bef3353df451c3d337b4a3d0be358d8
ip: 223.204.249.195
firstlogin: 1552364393785.000000
lastlogin: 1552364398546.000000
...
