---
password: 6a4fd6097789dafb2e2e496813dd5336afbe3dc7c6d6da8f771dcb65aebce92a
ip: 223.24.175.69
firstlogin: 1553011060756.000000
lastlogin: 1553011065090.000000
...
