---
password: 1a5460a3e7688284ab67e69ad913516eb1ea83bd85a34c696dc1c8270da778ca
ip: 125.24.250.162
firstlogin: 1553238889723.000000
lastlogin: 1553433937346.000000
...
