---
password: 61c66aa66f4563682bb1e5e7ccf3a900a4c6541e8beb191bf68fd1e1c2adf4db
ip: 184.22.89.81
firstlogin: 1552450497934.000000
lastlogin: 1552713487945.000000
...
