---
password: 0c08a9536b5dd78713f440acb930872fd69f7a71ad0cf9cdedc9628ddf9ac3d7
ip: 223.206.228.10
firstlogin: 1553437543000.000000
lastlogin: 1553437547220.000000
...
