---
password: 891733fbcaa10a96725f2aca3a1bdb99e388ab075f525b7ee846e8b8f6205a97
ip: 159.65.141.214
firstlogin: 1551351353254.000000
lastlogin: 1551361321733.000000
...
