---
password: 17756315ebd47b7110359fc7b168179bf6f2df3646fcc888bc8aa05c78b38ac1
ip: 182.232.157.214
firstlogin: 1552905284350.000000
lastlogin: 1552905289019.000000
...
