---
password: 460cb41ad068f3110e3a3ccb9797cfa7d7ffa6d26659a9de9ba887bef0aa9d6e
ip: 184.22.226.255
firstlogin: 1552466057793.000000
lastlogin: 1552466061350.000000
...
