---
password: 6f169db6dee281d9eb154c4eea2e5070e127183dd1f89332f0819daa42293995
ip: 58.11.63.89
firstlogin: 1552548259048.000000
lastlogin: 1553356539571.000000
...
