---
password: 720d014b703772b3a32810f64609a32a7a5b0c063bac82547d034d26710ca2fc
ip: 223.204.233.240
firstlogin: 1552826677776.000000
lastlogin: 1552826682780.000000
...
