---
password: 3a74d987de7a32e9ec078b9a98c120d9e10227dd3b5b71866c40437ab9199f76
ip: 186.195.230.116
firstlogin: 1551897251640.000000
lastlogin: 1551897256930.000000
...
