---
password: 3e0a457825ead69f2f0648a2235e299e09ae379cc92540fbf2d965400083fad6
ip: 182.232.137.112
firstlogin: 1553445498258.000000
lastlogin: 1553445503423.000000
...
