---
password: 88aed29cf1cd589a5736e8ff94fe42451e149c20db55fa6bcc50297a6ddf8ef2
ip: 223.24.133.2
firstlogin: 1553153128083.000000
lastlogin: 1553154052547.000000
...
