---
password: 5129c58827e1075ca52882b8d087586824208522ee1787bffd781e0d9a51f036
ip: 223.205.248.34
firstlogin: 1551706735439.000000
lastlogin: 1552210704737.000000
...
