---
password: 6567e55fde195a3ad5a25429e481f4544a484d5b2db50b35fcb7b8e882974699
ip: 182.53.3.17
firstlogin: 1551829138709.000000
lastlogin: 1552648929243.000000
...
