---
password: 4eb6755a78557ba472812243e2b0f3857285b20aadb606584a2f4925e243b7b1
ip: 124.121.3.140
firstlogin: 1552287410602.000000
lastlogin: 1552288024555.000000
...
