---
password: 049b2ae98ee466f11584c2e8af103a04e08503e7c27f3ac6fc27d086f1bbd8df
ip: 124.122.19.56
firstlogin: 1551526779252.000000
lastlogin: 1551789943354.000000
...
