---
password: 60e26d8a039aa00f497eb5f4e5556574779ca2fcb7b72a4c356d42cce638ed28
ip: 223.24.6.132
firstlogin: 1552814422388.000000
lastlogin: 1552814426288.000000
...
