---
password: 82fb7a7d1cdcf6af14277372a1ad880760138f258edb6af4955ddf78aa8744d4
ip: 223.24.6.132
firstlogin: 1552813578729.000000
lastlogin: 1552813582647.000000
...
