---
password: 4c3034c5f71b3700724821a68bad4b64caf5900803423e07a1df7091325550bb
ip: 171.7.100.38
firstlogin: 1553176805653.000000
lastlogin: 1553262278939.000000
...
