---
password: 17d6217d821a8bea8327f7723b06bf2e5952474b8b1fb01f7965bdd8c663236d
ip: 49.48.247.207
firstlogin: 1551707165466.000000
lastlogin: 1551707169915.000000
...
