---
password: 15e2b0d3c33891ebb0f1ef609ec419420c20e320ce94c65fbc8c3312448eb225
ip: 171.6.249.160
firstlogin: 1551837767539.000000
lastlogin: 1551850883649.000000
...
