---
password: 15e2b0d3c33891ebb0f1ef609ec419420c20e320ce94c65fbc8c3312448eb225
ip: 223.206.115.7
firstlogin: 1552353049042.000000
lastlogin: 1553318643550.000000
...
