---
password: 68ba923ec568632d5a1df4b747dafb602bffe119081d9ef838bbd97df3618a07
ip: 114.109.80.97
firstlogin: 1551318655674.000000
lastlogin: 1551318660302.000000
...
