---
password: 3d4436b02cf680938dd0e7d3ab9d267d37e11abe5a30d98b121da3205147c693
ip: 114.109.80.97
firstlogin: 1551318955701.000000
lastlogin: 1551318960131.000000
...
