---
password: 44fecd91f0986367bf75c983c0b1b462b6a4aa3901243392e70c608f1133d344
ip: 114.109.80.97
firstlogin: 1551319308405.000000
lastlogin: 1551319313008.000000
...
