---
password: 1718c24b10aeb8099e3fc44960ab6949ab76a267352459f203ea1036bec382c2
ip: 1.20.146.218
firstlogin: 1553090468090.000000
lastlogin: 1553245884737.000000
...
