---
password: 88d6c9ca9e236a10609a6f4d8baa1d76a310648e49103a3b22a8e4aa70720a44
ip: 1.20.146.168
firstlogin: 1551234222206.000000
lastlogin: 1553412936007.000000
...
