---
password: 8bb0cf6eb9b17d0f7d22b456f121257dc1254e1f01665370476383ea776df414
ip: 223.24.184.167
firstlogin: 1551707320662.000000
lastlogin: 1551707324708.000000
...
