---
password: 1d650bb4347d5d5b93c3ebc2df521c7f0a280c3ccee153029be9fb979e5d310c
ip: 171.96.133.126
firstlogin: 1551849237891.000000
lastlogin: 1551849253360.000000
...
