---
password: 8913c1960dd5a702ca8206032ffb823b8a9e64858e3cac264a9a8fd5bf9cbbdd
ip: 118.172.188.182
firstlogin: 1553329460873.000000
lastlogin: 1553329465601.000000
...
