---
password: 27a98f9ce6562be0a257ffe8163acb6eccba8d6b6bb153209044eafc50ee091f
ip: 110.168.248.132
firstlogin: 1551450182117.000000
lastlogin: 1552437355027.000000
...
