---
password: 802e1f291fa0b2e2962e017ba1fcfbc68f6df72b688bf52fc8d35367c2a3c683
ip: 171.99.161.9
firstlogin: 1552125767264.000000
lastlogin: 1552125773116.000000
...
