---
password: 0ec8f95a1848910870612fbda6993631ba803ea2fc3564cb73ecbedb90b0e753
ip: 171.99.161.9
firstlogin: 1552125958478.000000
lastlogin: 1552125965485.000000
...
