---
password: 4c12352a8138e015025fb9198c02d990fece5f81382d8c59dd560bc503875cf4
ip: 223.24.169.114
firstlogin: 1552009959276.000000
lastlogin: 1552547486667.000000
...
