---
password: 8b2445156a0d4ff08558b417a58fe274f21b13ef1a2f9472487ff8520ab69ba8
ip: 182.232.187.70
firstlogin: 1552816673438.000000
lastlogin: 1552816677470.000000
...
