---
password: 97067bfed7ba83631829eb1d2be4b1c42fd444e62cc179070675ada81cbed71b
ip: 182.232.18.183
firstlogin: 1551453781768.000000
lastlogin: 1551453790850.000000
...
