---
password: 7c22c60757744e0e35ccf18f8a5146acb4d43ed4e4627c24cf3ac3cab7ba3201
ip: 171.5.74.58
firstlogin: 1551836429287.000000
lastlogin: 1551849224761.000000
...
