---
password: 150f0e91d46682bc115cf5be0cfd232274473f42dd0b2b93a85f0deb3d0ebe9f
ip: 182.232.15.44
firstlogin: 1552570797555.000000
lastlogin: 1552570802382.000000
...
