---
password: 3135f16700bbc1311aaccdfe5ec5630fa528077e5a6259a195452481b8b852a4
ip: 27.145.132.168
firstlogin: 1551188130706.000000
lastlogin: 1551777460008.000000
...
