---
password: 35af25e6e781513a317b355290b8c6a6e59a42ab597915a422e05204f8d7fa84
ip: 184.22.241.111
firstlogin: 1552568163372.000000
lastlogin: 1552568167997.000000
...
