---
password: 1f8c179789d9425932effae37eb26635045b8569ca393f52daa8d0ad743d3021
ip: 49.229.126.249
firstlogin: 1551859395068.000000
lastlogin: 1551859401629.000000
...
