---
password: 0e954fbe7175ce928c5d74e765f0ab82eee032685512dcb92ae69b9a56cc3d24
ip: 182.52.48.233
firstlogin: 1552621632107.000000
lastlogin: 1553438867070.000000
...
