---
password: 6bdb2b81e29ffd8a019516a4f5c756ea99f263962688d69c9b39d2d070da8c12
ip: 202.137.132.189
firstlogin: 1551946693916.000000
lastlogin: 1552658724459.000000
...
