---
password: 4903159679e13a2f1eec68f21d038c7b813f0dace23e878d383486701b62bde0
ip: 182.232.190.25
firstlogin: 1551177058403.000000
lastlogin: 1553179316853.000000
...
