---
password: 04b03681f28d71cbca264e99566dfa606a250da0657e10df9bf5066bb5648e91
ip: 113.53.179.7
firstlogin: 1551360425192.000000
lastlogin: 1553081926508.000000
...
