---
password: 15e2b0d3c33891ebb0f1ef609ec419420c20e320ce94c65fbc8c3312448eb225
ip: 49.230.97.190
firstlogin: 1553481955787.000000
lastlogin: 1553485425132.000000
...
