---
password: 8fc8338ad4e4af0b4f77d4204151ab4d49f263ecaed9966dc8c5e829fef33433
ip: 184.22.190.182
firstlogin: 1553067330018.000000
lastlogin: 1553067356496.000000
...
