---
password: 904d3b813bcbdbd7c190f4c4975e1d519e11486dec4ad00a42b950b1fc162415
ip: 223.24.155.22
firstlogin: 1552487416788.000000
lastlogin: 1552651152766.000000
...
