---
password: 9099d265eca27184d7ba33263bc8615667b0700a8f0abc6764e5389cdee664a0
ip: 223.205.233.54
firstlogin: 1552539973326.000000
lastlogin: 1552566067407.000000
...
