---
password: 1df1854015e31ca286d015345eaff29a6c6073f70984a3a746823d4cac16b075
ip: 1.47.226.35
firstlogin: 1551448803934.000000
lastlogin: 1551524820320.000000
...
