---
password: 1df1854015e31ca286d015345eaff29a6c6073f70984a3a746823d4cac16b075
ip: 124.121.198.54
firstlogin: 1552173249073.000000
lastlogin: 1552197163222.000000
...
