---
password: 1df1854015e31ca286d015345eaff29a6c6073f70984a3a746823d4cac16b075
ip: 49.230.24.119
firstlogin: 1552122135519.000000
lastlogin: 1552309170124.000000
...
