---
password: 7778f42acf7d11bfb5bedb88342e65926828f4e1d14c6fa5ab28a2de81bd1bfe
ip: 110.168.7.185
firstlogin: 1553474057186.000000
lastlogin: 1553474060713.000000
...
