---
password: 38629e1fbb90a93d62dd5dd4a51edabc37f051862007394fe5b1de431ca0a2b2
ip: 1.20.146.199
firstlogin: 1551265095020.000000
lastlogin: 1552293999013.000000
...
