---
password: 39c650c9751473d9890abf436b36e3c984a6683318ce32dbec2ff15a95fe7097
ip: 182.53.77.40
firstlogin: 1552445080253.000000
lastlogin: 1552445085333.000000
...
