---
password: 779ab936ea441a3be8481c2622dd1c8632c917713be57fe3f2b75d68a87d681f
ip: 125.24.255.34
firstlogin: 1553356192046.000000
lastlogin: 1553402526849.000000
...
