---
password: 15e2b0d3c33891ebb0f1ef609ec419420c20e320ce94c65fbc8c3312448eb225
ip: 110.78.183.120
firstlogin: 1551876518794.000000
lastlogin: 1551876522023.000000
...
