---
password: 0554a5df02ee12f1ae36a51caaef34a31deb9458a48b629da554a2b322466f4a
ip: 182.232.18.180
firstlogin: 1551362893048.000000
lastlogin: 1551362897795.000000
...
