---
password: 95234f027b5da5a09928bde5fc432a8a1e525559cab08b830e8bdff74a9db93a
ip: 124.122.37.217
firstlogin: 1552308053823.000000
lastlogin: 1552308059144.000000
...
