---
password: 470829ef9aae7ad3170f005400d8ca06f1355fedeff3b00f88af11cf2c744043
ip: 223.206.242.134
firstlogin: 1552327282062.000000
lastlogin: 1552327287908.000000
...
