---
password: 112531268037204d39a68adb39932a41006e9596133f1b716de5d0ec2f52c1fa
ip: 58.11.29.61
firstlogin: 1553349978133.000000
lastlogin: 1553349982135.000000
...
