---
password: 07a695986ffb3351d82ff0e0c3261fd5d619fd6088f8ba6aaacb891ce43175a0
ip: 171.4.243.146
firstlogin: 1553267370668.000000
lastlogin: 1553267380119.000000
...
