---
password: 15e2b0d3c33891ebb0f1ef609ec419420c20e320ce94c65fbc8c3312448eb225
ip: 171.100.253.198
firstlogin: 1552855947343.000000
lastlogin: 1552856881515.000000
...
