---
password: 8bb0cf6eb9b17d0f7d22b456f121257dc1254e1f01665370476383ea776df414
ip: 101.51.101.18
firstlogin: 1551883042710.000000
lastlogin: 1551883047557.000000
...
