---
password: 659e40f23e9dba845284321c16fca55aaffea873137c4642fbd0f8d3e66a3a8c
ip: 223.24.6.132
firstlogin: 1552813743635.000000
lastlogin: 1552813747609.000000
...
