---
password: 3e0a457825ead69f2f0648a2235e299e09ae379cc92540fbf2d965400083fad6
ip: 49.229.151.9
firstlogin: 1552096622529.000000
lastlogin: 1552096628993.000000
...
