---
password: 9a900403ac313ba27a1bc81f0932652b8020dac92c234d98fa0b06bf0040ecfd
ip: 49.229.68.39
firstlogin: 1552913873646.000000
lastlogin: 1553001053801.000000
...
