---
password: 79c8c31ecbd22765aeb65674ed00a1a67193426aae65b2807c7bd9a72358d684
ip: 223.205.247.19
firstlogin: 1553060317367.000000
lastlogin: 1553060321174.000000
...
