---
password: 862366be8c4645967a01135b6011eb98114451bcb3b5884231b164063895dbeb
ip: 223.205.232.18
firstlogin: 1553067631749.000000
lastlogin: 1553253498497.000000
...
