---
password: 8bb0cf6eb9b17d0f7d22b456f121257dc1254e1f01665370476383ea776df414
ip: 182.232.11.137
firstlogin: 1552958760923.000000
lastlogin: 1552958765181.000000
...
