---
password: 720d014b703772b3a32810f64609a32a7a5b0c063bac82547d034d26710ca2fc
ip: 171.96.191.81
firstlogin: 1551948776193.000000
lastlogin: 1551948779882.000000
...
