---
password: 3e0a457825ead69f2f0648a2235e299e09ae379cc92540fbf2d965400083fad6
ip: 182.232.164.77
firstlogin: 1552992237107.000000
lastlogin: 1552993945945.000000
...
