---
password: 8bb0cf6eb9b17d0f7d22b456f121257dc1254e1f01665370476383ea776df414
ip: 182.232.6.66
firstlogin: 1552731914800.000000
lastlogin: 1552731919135.000000
...
