---
password: 8bb0cf6eb9b17d0f7d22b456f121257dc1254e1f01665370476383ea776df414
ip: 182.232.186.101
firstlogin: 1552374743571.000000
lastlogin: 1553007646478.000000
...
