---
password: 15e2b0d3c33891ebb0f1ef609ec419420c20e320ce94c65fbc8c3312448eb225
ip: 182.53.125.234
firstlogin: 1551691969975.000000
lastlogin: 1551691974279.000000
...
