---
password: 1df1854015e31ca286d015345eaff29a6c6073f70984a3a746823d4cac16b075
ip: 171.4.243.146
firstlogin: 1552715607347.000000
lastlogin: 1553445446482.000000
...
