---
password: 67a659a80bf7413d01e73ddf7403adfc4247e9f9c69447d48186fd5178b13a76
ip: 182.232.155.4
firstlogin: 1552203189500.000000
lastlogin: 1552203193443.000000
...
