---
password: 5f2d6e566316aa9b71143492fffe4663ce63e1f90bae12d8dfa4a94fddebdcb8
ip: 124.122.45.164
firstlogin: 1551961395380.000000
lastlogin: 1551961399991.000000
...
