---
password: 1df1854015e31ca286d015345eaff29a6c6073f70984a3a746823d4cac16b075
ip: 58.11.24.189
firstlogin: 1552491823395.000000
lastlogin: 1552491826797.000000
...
