---
password: 5937d7459f3518ce8abcc43bf8729d7b092af20f615c6f5016a7588c1d82336b
ip: 124.122.109.145
firstlogin: 1551263991542.000000
lastlogin: 1551263994491.000000
...
