---
password: 9dedded727ec2535e44a4c32f095b41d9b407fef2d4a95b0f34c1d69168f2274
ip: 223.205.159.75
firstlogin: 1552203041003.000000
lastlogin: 1552203050093.000000
...
