---
password: 16e6657a692c58d19f463580e31922fa99843f8effc8e325a58ff355641edb2a
ip: 1.10.252.1
firstlogin: 1551591459250.000000
lastlogin: 1551591464236.000000
...
