---
password: 8bb0cf6eb9b17d0f7d22b456f121257dc1254e1f01665370476383ea776df414
ip: 182.232.38.20
firstlogin: 1552956707248.000000
lastlogin: 1553058501587.000000
...
