---
password: 4074eb6c37a2c90daec11f9dff63d112b7b025b6ff18e872f39b470769f79c86
ip: 124.122.46.104
firstlogin: 1552816525781.000000
lastlogin: 1552816534443.000000
...
