---
password: 88d09e4f2f140fcb20a5fa98c7ebc681a6ecf3ca3b47999eded92079cfb3accb
ip: 124.122.43.192
firstlogin: 1552871587469.000000
lastlogin: 1553140491916.000000
...
