---
password: 1df1854015e31ca286d015345eaff29a6c6073f70984a3a746823d4cac16b075
ip: 223.205.245.219
firstlogin: 1551523895430.000000
lastlogin: 1551523904770.000000
...
