---
password: 8b83b612d0a17a8a6812c206a608f21762ec6065c5fa5125dfc46cc8c8c86ef3
ip: 182.52.166.101
firstlogin: 1551181834568.000000
lastlogin: 1552277995558.000000
...
