---
password: 1df1854015e31ca286d015345eaff29a6c6073f70984a3a746823d4cac16b075
ip: 115.84.70.220
firstlogin: 1552127321369.000000
lastlogin: 1552127326099.000000
...
