---
password: 1df1854015e31ca286d015345eaff29a6c6073f70984a3a746823d4cac16b075
ip: 171.4.242.113
firstlogin: 1552917710543.000000
lastlogin: 1552917715455.000000
...
