---
password: 7ebe7b0d241bbd6bfa62c3d79a24362c3ced8dc5cb65d5908c31d090e2aba5af
ip: 125.27.214.63
firstlogin: 1551174554490.000000
lastlogin: 1551174556746.000000
...
