---
password: 9343bb6349a2acde67ac256016701f63ac74555c5901f826b8265b13bd004a43
ip: 49.229.97.170
firstlogin: 1552126268684.000000
lastlogin: 1552126276962.000000
...
