---
password: 4f63980f6eecfe8a8873b0337bfef93370915db5ee3cc19d8bbcf35d3a283dad
ip: 122.155.46.205
firstlogin: 1551883792707.000000
lastlogin: 1553485555368.000000
...
