---
password: 8bb0cf6eb9b17d0f7d22b456f121257dc1254e1f01665370476383ea776df414
ip: 124.122.90.57
firstlogin: 1551581577414.000000
lastlogin: 1551581582423.000000
...
