---
password: 6007535801a41087c6015a2d2e086944cf5c536ffc1e94361f3b0cc16c9033c1
ip: 115.84.70.182
firstlogin: 1552618755903.000000
lastlogin: 1552618760237.000000
...
