---
password: 1df1854015e31ca286d015345eaff29a6c6073f70984a3a746823d4cac16b075
ip: 159.192.221.53
firstlogin: 1552440841430.000000
lastlogin: 1552892394725.000000
...
