---
password: 24e7cab27da92ca99c6ff0c55c43da8c8b447cc5e1c5bc5053dc693a5756d413
ip: 223.24.25.92
firstlogin: 1552112472444.000000
lastlogin: 1552112478267.000000
...
