---
password: 1f8c179789d9425932effae37eb26635045b8569ca393f52daa8d0ad743d3021
ip: 182.232.8.122
firstlogin: 1551524002681.000000
lastlogin: 1551524011599.000000
...
