---
password: 1f8c179789d9425932effae37eb26635045b8569ca393f52daa8d0ad743d3021
ip: 49.229.98.178
firstlogin: 1551621180927.000000
lastlogin: 1551621188036.000000
...
