---
password: 1eed0416015d82c467472081c2cfaeb9dbb65c738bbe7eb4ff7d755adb287cf7
ip: 223.24.172.88
firstlogin: 1552183900165.000000
lastlogin: 1552183909778.000000
...
