---
password: 1df1854015e31ca286d015345eaff29a6c6073f70984a3a746823d4cac16b075
ip: 1.47.96.93
firstlogin: 1553251665589.000000
lastlogin: 1553251671749.000000
...
