---
password: 3e0a457825ead69f2f0648a2235e299e09ae379cc92540fbf2d965400083fad6
ip: 49.230.245.255
firstlogin: 1552041398950.000000
lastlogin: 1552041544189.000000
...
