---
password: 15e2b0d3c33891ebb0f1ef609ec419420c20e320ce94c65fbc8c3312448eb225
ip: 58.9.212.228
firstlogin: 1552792326311.000000
lastlogin: 1553320885124.000000
...
