---
password: 3deaa79c4c959d3d50dd446f6f09db5a655ec62af30939b14517fa73ed1a02f6
ip: 171.99.156.70
firstlogin: 1553258039263.000000
lastlogin: 1553262290408.000000
...
