---
password: 0d2dd8875d1b545fc4a055ad478f6887b4527521c0ebfcf5c4f2197a6e988066
ip: 171.99.156.70
firstlogin: 1553258981307.000000
lastlogin: 1553258985875.000000
...
