---
password: 09cc1ba5793488066eb9bde432571aa0b152f842e8450b987d72ca8fa0d6911b
ip: 223.24.184.177
firstlogin: 1552098343945.000000
lastlogin: 1552106168697.000000
...
