---
password: 08eb17c20a2e4ce5f4749b53d91c03318401e0ffb9e4632091a22b590490c61f
ip: 223.24.168.111
firstlogin: 1552425705241.000000
lastlogin: 1553258713984.000000
...
