---
password: 49d810242afea92fb285e9235adaed8bc116edf8d27475b1408a2ed7821e1fc4
ip: 182.232.44.254
firstlogin: 1551615128910.000000
lastlogin: 1551615134219.000000
...
