---
password: 9e1f341dff9161b69d6afc54140ea30e44676ed3600dc98f507f0678fe64e320
ip: 1.47.169.10
firstlogin: 1552099409863.000000
lastlogin: 1552099415866.000000
...
