---
password: 9e1f341dff9161b69d6afc54140ea30e44676ed3600dc98f507f0678fe64e320
ip: 1.47.233.6
firstlogin: 1552056636263.000000
lastlogin: 1552059344324.000000
...
