---
password: 15e2b0d3c33891ebb0f1ef609ec419420c20e320ce94c65fbc8c3312448eb225
ip: 27.145.136.20
firstlogin: 1552528944164.000000
lastlogin: 1552557119419.000000
...
