---
password: 36d20503875e84667a3c58a21729406afe63796896536dbd925e4e202fe338e4
ip: 184.22.96.64
firstlogin: 1551517997183.000000
lastlogin: 1551518002234.000000
...
