---
password: 034b84536e606bc3069ebdf2ad3f2ab29e3e9ef69e8e8144ddd3a4b302d6066a
ip: 182.53.97.155
firstlogin: 1553357790392.000000
lastlogin: 1553478124035.000000
...
