---
password: 97fe6375cba027607ad9090bd11c84dab65bf4eb657191299ec62f21f98b2b4e
ip: 182.232.198.26
firstlogin: 1551336058253.000000
lastlogin: 1552181167697.000000
...
