---
password: 1df1854015e31ca286d015345eaff29a6c6073f70984a3a746823d4cac16b075
ip: 159.192.222.66
firstlogin: 1552441031585.000000
lastlogin: 1552441036711.000000
...
