---
password: 720d014b703772b3a32810f64609a32a7a5b0c063bac82547d034d26710ca2fc
ip: 223.24.164.117
firstlogin: 1551492144574.000000
lastlogin: 1553392583848.000000
...
