---
password: 3855f9281f2840dc4227445d9022ebaacceb4edf6e00f4dfec9b96897e4aa5e6
ip: 223.24.150.79
firstlogin: 1552803572555.000000
lastlogin: 1552803587734.000000
...
