---
password: 9a900403ac313ba27a1bc81f0932652b8020dac92c234d98fa0b06bf0040ecfd
ip: 182.232.197.5
firstlogin: 1553482833866.000000
lastlogin: 1553482838363.000000
...
