---
password: 5d5ad32f1822f70df0812f3af9e4cb646a95a0437e8693ef0916d831ba0d5653
ip: 202.136.92.28
firstlogin: 1552893669592.000000
lastlogin: 1553049761221.000000
...
