---
password: 768fa69e702743bb5f372a6402eb7cf9fc04b7f3012835aadf67e9c9f3db7d7e
ip: 101.51.101.18
firstlogin: 1551881161176.000000
lastlogin: 1551881167579.000000
...
