---
password: 0a84dd005f617e49003465ef000cbe71bcfa0b5ad3a650bc18ca9f476bbf5449
ip: 182.232.20.114
firstlogin: 1551504206547.000000
lastlogin: 1551504210953.000000
...
