---
password: 576936cc4204c473ffc9c59b33d0d46e4c529cdc34d4b7f539b5e1add7f221c1
ip: 171.5.250.163
firstlogin: 1551590212916.000000
lastlogin: 1551590217512.000000
...
