---
password: 90634548a2c4fc46fc1b8865f4634dfdb042a12fbcaeb00eb61b1fb1c4d90863
ip: 171.7.79.83
firstlogin: 1551521060492.000000
lastlogin: 1551521063827.000000
...
