---
password: 822e9ad2d7d1083569c71ee7ef0d08248cdea903709a6c988d8a955d6ae6dad3
ip: 223.24.188.98
firstlogin: 1553299179915.000000
lastlogin: 1553299186809.000000
...
