---
password: 4f63980f6eecfe8a8873b0337bfef93370915db5ee3cc19d8bbcf35d3a283dad
ip: 122.155.38.155
firstlogin: 1551944153866.000000
lastlogin: 1552872555441.000000
...
