---
password: 41904c186cd87982bd445ca20e6995ed44218593fb3075f02c3c6d7cfd8df230
ip: 124.122.5.182
firstlogin: 1552456708805.000000
lastlogin: 1552456723786.000000
...
