---
password: 43343c89b3e6f142934525de17f496c19b91c5b2bae7073698e06407be2e56b2
ip: 1.46.3.222
firstlogin: 1551494575578.000000
lastlogin: 1551494579478.000000
...
