---
password: 8bb0cf6eb9b17d0f7d22b456f121257dc1254e1f01665370476383ea776df414
ip: 223.24.154.62
firstlogin: 1551620429292.000000
lastlogin: 1551620434917.000000
...
