---
password: 03b090c4a44c29b8eb4ad8bd91b55ab58a3315683416d4fbc99abf52c0b7a3c5
ip: 171.6.247.52
firstlogin: 1552902045296.000000
lastlogin: 1552902049431.000000
...
