---
password: 7ae070b3f6eabb2ab6b71091f605696e6eb470594468c17f3bff35ea9448f0ab
ip: 223.24.92.252
firstlogin: 1552480658044.000000
lastlogin: 1552480662126.000000
...
