---
password: 934e9ce6dc749ad72651db0944ad671a64c7655aeda5cd458573a96642b83c2e
ip: 114.109.81.228
firstlogin: 1551174275239.000000
lastlogin: 1553335756870.000000
...
