---
password: 1161c07620ae46922810fa561569ca9faed542780e979374ed924924cab8f343
ip: 184.22.150.243
firstlogin: 1552199364845.000000
lastlogin: 1552199369906.000000
...
