---
password: 7225bdb071e11c67c2b0294597017c4605d611c7bc6fcf8cd1b0c5130d046af5
ip: 223.24.188.232
firstlogin: 1552812637466.000000
lastlogin: 1552812641434.000000
...
