---
password: 15e2b0d3c33891ebb0f1ef609ec419420c20e320ce94c65fbc8c3312448eb225
ip: 223.24.155.21
firstlogin: 1551972804979.000000
lastlogin: 1551972808639.000000
...
