---
password: 6007535801a41087c6015a2d2e086944cf5c536ffc1e94361f3b0cc16c9033c1
ip: 115.84.117.12
firstlogin: 1552455092655.000000
lastlogin: 1552455096910.000000
...
