---
password: 12ad4d6b0da4889bf0a710e011fbab2f097e0b412d0331ecf706daab8d2508db
ip: 223.24.6.132
firstlogin: 1552814214436.000000
lastlogin: 1552814218414.000000
...
