---
password: 1cd911642c8cd56afcfc8c2ac15618d41e1bd29f894a6ad8c1ca40800fbf54e5
ip: 125.26.39.70
firstlogin: 1552795620223.000000
lastlogin: 1552916465687.000000
...
