---
password: 6007535801a41087c6015a2d2e086944cf5c536ffc1e94361f3b0cc16c9033c1
ip: 115.84.116.92
firstlogin: 1552201733931.000000
lastlogin: 1552201740515.000000
...
