---
password: 92f22d1ca5ba1828d970357b61cfd98d7008a50b76f3b4de8def51959c7c9945
ip: 223.206.159.118
firstlogin: 1551446274253.000000
lastlogin: 1551515840092.000000
...
