---
password: 15eb41860fe30691cd1c81f17f53c95489fd2087b98e47653b6e963661c18554
ip: 223.206.244.184
firstlogin: 1551954387821.000000
lastlogin: 1553437259499.000000
...
