---
password: 92f22d1ca5ba1828d970357b61cfd98d7008a50b76f3b4de8def51959c7c9945
ip: 1.46.77.87
firstlogin: 1551347165428.000000
lastlogin: 1551347170423.000000
...
