---
password: 9191a580e9061b30da63c8d089e03421ab785f5ce5dbb26b0d4180e97a64d966
ip: 223.24.164.109
firstlogin: 1552891015570.000000
lastlogin: 1552929934960.000000
...
