---
password: 333b6977ab19326473ef14d2f373a5731d2596696ad45bcc765c17fd459caf54
ip: 49.48.207.148
firstlogin: 1551452834496.000000
lastlogin: 1552470657812.000000
...
