---
password: 9260f889a03c3de5a806b802afdcca308513328a90c44988955d8dc13dd93504
ip: 223.24.154.190
firstlogin: 1552016049821.000000
lastlogin: 1552465617017.000000
...
