---
password: 2c179cbd1f5e6a82443abe67876955cea7109111cc6996734cb8fdd9c3c2ea1f
ip: 14.207.28.1
firstlogin: 1551953791841.000000
lastlogin: 1551953795743.000000
...
