---
password: 8ef9d62eb2287bf8a25ab101310903c9a0eb83bdca68b6e1cffe338dcc6a9e7d
ip: 178.128.61.38
firstlogin: 1552976562678.000000
lastlogin: 1552979180829.000000
...
