---
password: 96637509cad34e6bed2ca8ec847fc1b9a87108306c65e327454cae36e42f4f4b
ip: 182.232.199.18
firstlogin: 1552986013825.000000
lastlogin: 1553221360465.000000
...
