---
password: 9468198a7b8acbe1dd93720b3084908581a573a8f72da0612329d1aa69ba3a5a
ip: 184.22.224.144
firstlogin: 1551679853974.000000
lastlogin: 1551679869282.000000
...
