---
password: 8bb0cf6eb9b17d0f7d22b456f121257dc1254e1f01665370476383ea776df414
ip: 223.207.10.109
firstlogin: 1552829740007.000000
lastlogin: 1552972329575.000000
...
