---
password: 720d014b703772b3a32810f64609a32a7a5b0c063bac82547d034d26710ca2fc
ip: 223.24.148.175
firstlogin: 1552107742291.000000
lastlogin: 1552185916401.000000
...
