---
password: 77b53c01025001ce0df4fbdffb2401b8dc00f4e3a97cb6db2b19e399d5f459c9
ip: 49.229.66.117
firstlogin: 1551597387352.000000
lastlogin: 1551597391719.000000
...
