---
password: 5e9155b135c7459918019b20b7212ca7b32821feece53bed76c6168dddd3f5ab
ip: 182.232.3.172
firstlogin: 1551519050154.000000
lastlogin: 1551961992584.000000
...
