---
password: 54b72da25fd16bbf61fed7e66270ccb98e6dbb7420ea391f2ae2a88b7cdeedc1
ip: 49.230.212.213
firstlogin: 1552191586888.000000
lastlogin: 1552191600753.000000
...
