---
password: 2868e78cd14c2ce0a434d049674852d3df45f2670420b509c7a7a2c90c2cdf92
ip: 171.100.10.34
firstlogin: 1552194616356.000000
lastlogin: 1552194621183.000000
...
