---
password: 77426aa051e0aa7fc386ea976410e8a87d2c36c00eee16e75aa2359d0bd58ef4
ip: 115.87.0.239
firstlogin: 1551333744281.000000
lastlogin: 1553224731749.000000
...
