---
password: 15e2b0d3c33891ebb0f1ef609ec419420c20e320ce94c65fbc8c3312448eb225
ip: 49.230.242.45
firstlogin: 1551866186864.000000
lastlogin: 1551866191830.000000
...
