---
password: 0be3e1cf8f293eee0f242ab18cc977de626b1fb3b82b6fed78f2802161b40419
ip: 171.96.201.16
firstlogin: 1551450443620.000000
lastlogin: 1552108946477.000000
...
