---
password: 9920694a13338aa6e9f26b4efc833838482c27026958c654b6f6f4a224a70388
ip: 182.232.172.23
firstlogin: 1553253910224.000000
lastlogin: 1553253920705.000000
...
