---
password: 1df1854015e31ca286d015345eaff29a6c6073f70984a3a746823d4cac16b075
ip: 182.232.10.235
firstlogin: 1553326553159.000000
lastlogin: 1553326559256.000000
...
