---
password: 896531cfd74088d7a6b31f533e952f7d78c82c008ca99ecaa1b5b8242010ea39
ip: 68.183.230.177
firstlogin: 1551593273674.000000
lastlogin: 1551593278715.000000
...
