---
password: 59f7d75e7c13206237a12d9dc275383d57b187e4f935a7bfd569bc0904c761ef
ip: 125.27.81.103
firstlogin: 1552643329385.000000
lastlogin: 1552643333861.000000
...
