---
password: 0e2762a9731b370ba74af7584b79ac3ce9535615aad8755ad196d7c7822f2595
ip: 182.232.24.102
firstlogin: 1551447625195.000000
lastlogin: 1552571398934.000000
...
