---
password: 5cac79ecab29d57f523a807acd052795cda6c7befee73b9cd446ecd90005c536
ip: 223.206.244.84
firstlogin: 1553241518999.000000
lastlogin: 1553241524455.000000
...
