---
password: 8b2f78277f38ff030c9a47dd241ae60540e4b686e08f29dee1cf63a88879c52a
ip: 49.48.246.91
firstlogin: 1552114941362.000000
lastlogin: 1553484939671.000000
...
