---
password: 00be3817d5b2d09b3788a2ceebfeea1b7faaafd6499deb077278624ce8ccb1f2
ip: 45.56.153.86
firstlogin: 1552275493888.000000
lastlogin: 1552299216434.000000
...
