---
password: 20a8d4b137e98fd287a929b74b0e759f41183b051f6bdcc9da649a0cd56945d8
ip: 58.8.152.189
firstlogin: 1552120033674.000000
lastlogin: 1552120037835.000000
...
