---
password: 1df1854015e31ca286d015345eaff29a6c6073f70984a3a746823d4cac16b075
ip: 182.232.44.171
firstlogin: 1553477286994.000000
lastlogin: 1553477290776.000000
...
