---
password: 09e1adacff17a66d5aa8d745f9f10bc88470970ea88825419540fbfa65731796
ip: 182.53.152.122
firstlogin: 1551242133145.000000
lastlogin: 1553359484082.000000
...
