---
password: 9d81a8c84c852ad226b5d8aa3bc3a28b513f4d6811754eafc24ce72f54d0a3e9
ip: 171.96.190.86
firstlogin: 1552264864445.000000
lastlogin: 1552797615496.000000
...
