---
password: 720d014b703772b3a32810f64609a32a7a5b0c063bac82547d034d26710ca2fc
ip: 223.24.155.61
firstlogin: 1551776783734.000000
lastlogin: 1551776787508.000000
...
