---
password: 1df1854015e31ca286d015345eaff29a6c6073f70984a3a746823d4cac16b075
ip: 49.48.129.40
firstlogin: 1552638989909.000000
lastlogin: 1552638995065.000000
...
