---
password: 720d014b703772b3a32810f64609a32a7a5b0c063bac82547d034d26710ca2fc
ip: 159.192.222.119
firstlogin: 1551445424637.000000
lastlogin: 1551445437371.000000
...
