---
password: 4224a5c59119ae0f942a9782bff5e908892a9049f8b54ea96f5062eb5db9ab2b
ip: 171.5.153.240
firstlogin: 1553429221542.000000
lastlogin: 1553431479784.000000
...
