---
password: 5dc088487fb505024591604c00eadbd8607ea049dc46857eb803b45e205640f6
ip: 183.89.9.223
firstlogin: 1551444394713.000000
lastlogin: 1552393535130.000000
...
