---
password: 03981787d87c912e2e8471a79bfa78bd948993cb4179bd93bb9551c3c9cf4174
ip: 159.192.218.54
firstlogin: 1551710437525.000000
lastlogin: 1553191788530.000000
...
