---
password: 8cbef60db6febf4f0f6a6632aef818c366e4abfaeec22360f2a40c122129dd43
ip: 1.47.204.213
firstlogin: 1552499956848.000000
lastlogin: 1552499962144.000000
...
