---
password: 7e071fd9b023ed8f18458a73613a0834f6220bd5cc50357ba3493c6040a9ea8c
ip: 182.232.3.171
firstlogin: 1552386578551.000000
lastlogin: 1552442431098.000000
...
