---
password: 0999ebaa1a5286b02f6ec04fb0f02e961168816e73a697bb769f7871dd1ad659
ip: 223.206.200.20
firstlogin: 1552979409083.000000
lastlogin: 1552979416333.000000
...
