---
password: 7126dee57096bb99d10da8175852d4aefa510bbd34eea3e6ae1404a1c2e15974
ip: 223.24.164.61
firstlogin: 1551362406342.000000
lastlogin: 1551362410291.000000
...
