---
password: 7a3d2a8daed4e0878ff39b46fd395784bb0055335e19d900aad4400534c31361
ip: 171.4.242.113
firstlogin: 1552829359394.000000
lastlogin: 1552829364115.000000
...
