---
password: 8e447206620b98ab38d0ce20473ce087f1c03e34df7d25148990123ccf7a2b34
ip: 159.192.216.114
firstlogin: 1551932910308.000000
lastlogin: 1551932914925.000000
...
