---
password: 7c0e0e8573b2b2ce8368c5b78bf19f5c2784764d5aa44c81cfdc0288cef07dd4
ip: 49.230.20.6
firstlogin: 1551521924488.000000
lastlogin: 1551526351277.000000
...
