---
password: 2a558620f607041464e8bf525e7df8198b61f823788c5255a6ca6ed41a485172
ip: 110.168.252.132
firstlogin: 1553169074576.000000
lastlogin: 1553443405074.000000
...
