---
password: 87b87fd8a45979c746b9499770e270d9d2546f10bec7cc3045543eba11b94426
ip: 182.232.185.227
firstlogin: 1552620180528.000000
lastlogin: 1552620185515.000000
...
