---
password: 6b750a8d68de7a491f14861c2b041e392cd0e446da172d9dd693dfe426c18235
ip: 124.122.36.235
firstlogin: 1551483000868.000000
lastlogin: 1551569899611.000000
...
