---
password: 70fd1119b2b29d3006d443b788f8e1d43225485f6a05e040b5f7714ef5e1137e
ip: 49.230.245.255
firstlogin: 1552043524654.000000
lastlogin: 1552043531010.000000
...
