---
password: 3e0a457825ead69f2f0648a2235e299e09ae379cc92540fbf2d965400083fad6
ip: 182.232.44.155
firstlogin: 1552574637941.000000
lastlogin: 1552574644679.000000
...
