---
password: 33ff4b57b542b9a89513072e1cfd97380eb395735079e873fd65b920f5ee4ea7
ip: 171.5.78.189
firstlogin: 1553224446881.000000
lastlogin: 1553224451420.000000
...
