---
password: 11d06e14ae36fd0df53494d8a661bdd1f5e70bce0033e9b60cb89cc1badabbab
ip: 171.99.162.99
firstlogin: 1553066749254.000000
lastlogin: 1553335439785.000000
...
