---
password: 3f0d97413ffba080f5038764d407ae997e7d92b0c4bcae336f822ae079c848df
ip: 122.155.47.83
firstlogin: 1551787254072.000000
lastlogin: 1551787257481.000000
...
