---
password: 3a37d97f11377f0aa3f66024167d2d9fb7daeb55ac6369846489cd6de959eb7a
ip: 183.182.118.140
firstlogin: 1551706515142.000000
lastlogin: 1552731893774.000000
...
