---
password: 2e6887c8745b28fce2e729491ab7e4c63b527baf8c76a649f277623af34be211
ip: 223.24.184.31
firstlogin: 1552567884437.000000
lastlogin: 1553245112799.000000
...
