---
password: 562a13682efaa85ffd4f1c79d64cc660b87316181018f472d6b927bd14088519
ip: 125.27.115.57
firstlogin: 1551882136794.000000
lastlogin: 1551882142341.000000
...
