---
password: 2516e429daa15f61100c309111c3305de2494aafdfe2d7218da8a8f81cf39266
ip: 125.27.115.57
firstlogin: 1551881918742.000000
lastlogin: 1551881923663.000000
...
