---
password: 5ddd8710550716e9ebc22de2594a0f4076e2567924490cb0883677fe51e915d9
ip: 49.48.60.183
firstlogin: 1551584606920.000000
lastlogin: 1553412776234.000000
...
