---
password: 1df1854015e31ca286d015345eaff29a6c6073f70984a3a746823d4cac16b075
ip: 223.206.229.197
firstlogin: 1551500721184.000000
lastlogin: 1551500726588.000000
...
