---
password: 227575f564ae83ccd5bac32347f4d53bdf5c9b5e7d696f84ac6dc92418284383
ip: 182.232.43.63
firstlogin: 1551574001960.000000
lastlogin: 1552815746824.000000
...
