---
password: 1df1854015e31ca286d015345eaff29a6c6073f70984a3a746823d4cac16b075
ip: 58.8.152.252
firstlogin: 1552985358042.000000
lastlogin: 1553475012704.000000
...
