---
password: 944c0533242b363788a46eae05b982069f17724030ca780af603d478b4d461e9
ip: 223.205.251.227
firstlogin: 1553179782255.000000
lastlogin: 1553179789592.000000
...
