---
password: 5db6afaf0144d548a0d171e7f27757d9626afbec2167e966122a15081f23ed59
ip: 171.96.190.232
firstlogin: 1552530917308.000000
lastlogin: 1552530921509.000000
...
