---
password: 3e0a457825ead69f2f0648a2235e299e09ae379cc92540fbf2d965400083fad6
ip: 182.232.17.153
firstlogin: 1552730629134.000000
lastlogin: 1552730633818.000000
...
