---
password: 1cc8223a4bbe27e85332138b55ce652e93f9b857b41d9c71a26e503abda471fb
ip: 171.5.233.238
firstlogin: 1551354208963.000000
lastlogin: 1551354218519.000000
...
