---
password: 267d7f39bd0767f55bfc34b8acfe929092c7dd4f872052faedd068bc8c268c85
ip: 134.196.22.169
firstlogin: 1552197138050.000000
lastlogin: 1552922980748.000000
...
