---
password: 8e004ab0d74843ba99cf523aaa467c32ad947435663e0f9292ffd41fbb5fc3d1
ip: 223.206.249.5
firstlogin: 1553425241727.000000
lastlogin: 1553481113780.000000
...
