---
password: 9150f41b64d828ac492dbd62f4febcabfc786d7625ca7c749a11657fb91648f6
ip: 178.128.215.131
firstlogin: 1551430834901.000000
lastlogin: 1551439843761.000000
...
