---
password: 72d8fa750a02ce3803697e9d906f77ec693334d49a580faf1cabd0c8fde73150
ip: 101.109.177.191
firstlogin: 1553336508416.000000
lastlogin: 1553336512995.000000
...
