---
password: 5c80565db6f29da0b01aa12522c37b32f121cbe47a861ef7f006cb22922dffa1
ip: 115.87.84.172
firstlogin: 1552123402752.000000
lastlogin: 1552123408901.000000
...
