---
password: 058dba1dc0a665ce018ce7f835ad1ef166ae372c0117f838b0cf7c97aa3059d9
ip: 122.155.47.205
firstlogin: 1551608956908.000000
lastlogin: 1551608961367.000000
...
