---
password: 86218c1c3e50b27e78055d0e93cd0023b589e6c2d17808a7a4cc40a4d53a2c6c
ip: 171.5.226.74
firstlogin: 1552476825604.000000
lastlogin: 1552476829528.000000
...
