---
password: 523aa18ecb892c51fbdbe28c57e10a92419e0a73e8931e578b98baffccf99cdd
ip: 114.109.75.48
firstlogin: 1551186825421.000000
lastlogin: 1551526034026.000000
...
