---
password: 9260f889a03c3de5a806b802afdcca308513328a90c44988955d8dc13dd93504
ip: 1.46.72.208
firstlogin: 1551627748558.000000
lastlogin: 1552189330022.000000
...
