---
password: 88d73cd91e1fa435edb6240d0699bcc20e0fd40eb17dc4d44d374446ec3b306e
ip: 171.97.76.55
firstlogin: 1551620712572.000000
lastlogin: 1551620716551.000000
...
