---
password: 4501179eebd59237796cd111980994d7bc630f8290b426094e4cdb5ba9f94031
ip: 182.232.197.175
firstlogin: 1551396932246.000000
lastlogin: 1551396941034.000000
...
