---
password: 15e2b0d3c33891ebb0f1ef609ec419420c20e320ce94c65fbc8c3312448eb225
ip: 115.87.87.127
firstlogin: 1551965480714.000000
lastlogin: 1551965485225.000000
...
