---
password: 3cc7cbb76fa9edd5bc863da5104495ee8233275373bbd9deec53b77841550b31
ip: 171.6.250.135
firstlogin: 1552902134828.000000
lastlogin: 1553051446619.000000
...
