---
password: 5200be2bb11daecaac7bcc1ab14d520f578f71223cdfca3c7d775424c3091baf
ip: 49.49.233.7
firstlogin: 1551874785430.000000
lastlogin: 1552053385558.000000
...
