---
password: 3fc9b689459d738f8c88a3a48aa9e33542016b7a4052e001aaa536fca74813cb
ip: 115.84.118.214
firstlogin: 1552127407115.000000
lastlogin: 1552127412119.000000
...
