---
password: 3fc9b689459d738f8c88a3a48aa9e33542016b7a4052e001aaa536fca74813cb
ip: 115.84.118.120
firstlogin: 1552047291259.000000
lastlogin: 1552047297002.000000
...
