---
password: 7b27d885967fb69b6cf101dffbe76f1df1147cae26d3f17bad8db1b9cc9b8896
ip: 182.232.178.245
firstlogin: 1551411439837.000000
lastlogin: 1551411443419.000000
...
