---
password: 3e8e31579a670f0e6c9aac4551c5955c509d6947d81b207bcd61579ed8d229aa
ip: 223.204.250.134
firstlogin: 1552297467727.000000
lastlogin: 1553453840971.000000
...
