---
password: 0e954fbe7175ce928c5d74e765f0ab82eee032685512dcb92ae69b9a56cc3d24
ip: 113.53.28.46
firstlogin: 1552479946546.000000
lastlogin: 1552620270585.000000
...
