---
password: 91edeffd4f0e415f5211a6c1bcb1f85077906505841c02a9a310017c21318edc
ip: 182.52.218.27
firstlogin: 1551949920637.000000
lastlogin: 1551964633863.000000
...
