---
password: 91edeffd4f0e415f5211a6c1bcb1f85077906505841c02a9a310017c21318edc
ip: 125.25.36.107
firstlogin: 1551972239262.000000
lastlogin: 1552040104943.000000
...
