---
password: 32417ccdd2101c110bf0e1a61b504ed78d2a5ca8aaef52d0bea8d2a40333d631
ip: 223.205.242.196
firstlogin: 1551402909931.000000
lastlogin: 1551402915145.000000
...
