---
password: 3e0a457825ead69f2f0648a2235e299e09ae379cc92540fbf2d965400083fad6
ip: 182.232.155.219
firstlogin: 1552213736377.000000
lastlogin: 1552213741457.000000
...
