---
password: 615ed7fb1504b0c724a296d7a69e6c7b2f9ea2c57c1d8206c5afdf392ebdfd25
ip: 1.47.0.140
firstlogin: 1552143732014.000000
lastlogin: 1552143737165.000000
...
