---
password: 2d7cb731c33f0db1c26f89dac10a53ea058b7f4f498b9bbeb276759772673eb6
ip: 1.47.0.140
firstlogin: 1552143454758.000000
lastlogin: 1552143459814.000000
...
