---
password: 10d398ea3aaf9a536bf629a230d458fb21861e7ac55e08a75013c4f847b452db
ip: 1.47.0.140
firstlogin: 1552144149697.000000
lastlogin: 1552144154625.000000
...
