---
password: 6d6f1162bcc067e01979096be11b6ab785bb90317699119c2f81cac1300269fb
ip: 223.24.93.11
firstlogin: 1552087794876.000000
lastlogin: 1552127060716.000000
...
