---
password: 2a1e478eadd5359ea7b1cc40b1cf91b338473dfea2bdcac5f258f361de30b97e
ip: 182.232.10.198
firstlogin: 1552185493787.000000
lastlogin: 1552185498796.000000
...
