---
password: 6c1664a8161817b9df8ed82d710e22f3130952ed1850ebb82505d87324fb2943
ip: 223.24.6.132
firstlogin: 1552814673770.000000
lastlogin: 1552814677655.000000
...
