---
password: 5ddd8710550716e9ebc22de2594a0f4076e2567924490cb0883677fe51e915d9
ip: 223.207.223.186
firstlogin: 1552814352274.000000
lastlogin: 1552814355914.000000
...
