---
password: 25576237626e640c5115d6496e064424bf05951683f559b0d157cfe39a3ae266
ip: 223.24.6.132
firstlogin: 1552815316234.000000
lastlogin: 1552815320190.000000
...
