---
password: 5f1da0b3395d5de09eb366e738762276c5031c81405b7459561b83fa89cb1520
ip: 223.206.248.89
firstlogin: 1553396880584.000000
lastlogin: 1553396885341.000000
...
