---
password: 1cc8223a4bbe27e85332138b55ce652e93f9b857b41d9c71a26e503abda471fb
ip: 115.87.14.54
firstlogin: 1551450443236.000000
lastlogin: 1553048559543.000000
...
