---
password: 1b7f9c159edc298ad8975aaffba5e20ff51c4341788dbe49027a1fa6da66408f
ip: 223.24.138.62
firstlogin: 1552893428919.000000
lastlogin: 1552893432736.000000
...
