---
password: 804438c15e3aaeca9e23523217f034eaf568b578c705f6551b8151023e836109
ip: 49.229.94.60
firstlogin: 1553163403831.000000
lastlogin: 1553440534207.000000
...
