---
password: 9a1d600ee778a80ba021926e099476626166d6031806c2df22a522379c7a9ca5
ip: 223.24.185.53
firstlogin: 1551591908450.000000
lastlogin: 1551685537312.000000
...
