---
password: 1df1854015e31ca286d015345eaff29a6c6073f70984a3a746823d4cac16b075
ip: 223.207.241.68
firstlogin: 1551500733351.000000
lastlogin: 1551500742748.000000
...
