---
password: 65a559406b4d1ab33806fcea476bdc67c24d7d96e5bdd5672329af544b1cf4ee
ip: 223.206.236.195
firstlogin: 1551236581414.000000
lastlogin: 1551236592846.000000
...
