---
password: 9172176b8cd8d20f7d4922182710a781602d8d09066251a5a5af31bbf30901fe
ip: 223.24.145.26
firstlogin: 1552310271066.000000
lastlogin: 1552314191210.000000
...
