---
password: 3e0a457825ead69f2f0648a2235e299e09ae379cc92540fbf2d965400083fad6
ip: 182.232.165.217
firstlogin: 1553154048236.000000
lastlogin: 1553154056620.000000
...
