---
password: 3bfdff1876d31998b0143f91f005c124ad60ed7fbd1685874c907db8588a0609
ip: 58.10.153.236
firstlogin: 1551940325438.000000
lastlogin: 1552451339693.000000
...
