---
password: 3e0a457825ead69f2f0648a2235e299e09ae379cc92540fbf2d965400083fad6
ip: 182.232.5.21
firstlogin: 1553151669117.000000
lastlogin: 1553166451598.000000
...
