---
password: 9257970bc4c4163c673336f01cb5ceb1180214012ddb1b438ec5696948fd9121
ip: 115.87.232.253
firstlogin: 1550552183128.000000
lastlogin: 1552842709851.000000
...
