---
password: 1d6ec643f27e61370744c50aee626ddf500173ed2c3072a1f6154e3e5a0bc231
ip: 1.0.211.218
firstlogin: 1552923026199.000000
lastlogin: 1552925257693.000000
...
