---
password: 2f1cd1fbaeedd5f5640e53613b9419a07bad8b1d486030ded41ab5262fa88682
ip: 182.232.39.64
firstlogin: 1552234069919.000000
lastlogin: 1552234073943.000000
...
