---
password: 4ff6ff6d46ec7400e058817613ffd7c72e3688291c5c75083bab0dbf1e79f246
ip: 27.55.10.176
firstlogin: 1551711958140.000000
lastlogin: 1551711961855.000000
...
