---
password: 3f9a83421c669303ba9a38373b93ba5886e68c78e14b9a78581c1e294a915f47
ip: 49.229.151.9
firstlogin: 1552096153279.000000
lastlogin: 1552096159764.000000
...
