---
password: 1df1854015e31ca286d015345eaff29a6c6073f70984a3a746823d4cac16b075
ip: 184.22.126.111
firstlogin: 1553175063639.000000
lastlogin: 1553175068916.000000
...
