---
password: 8fdce2a6416b4ff5705833b9fb8e5949e2695a6830c51f81289ec5c2152b5c9c
ip: 49.229.90.129
firstlogin: 1552144297948.000000
lastlogin: 1552144311387.000000
...
