---
password: 28efab1a56d39334a19a514400ff0913609441a63d68ac4af897410f03c82ecf
ip: 49.229.90.129
firstlogin: 1552135569728.000000
lastlogin: 1552135583563.000000
...
