---
password: 85868613144c97dbadc8eec5b5a6b27e485eb6540f25847a67eba082c6705627
ip: 184.22.21.69
firstlogin: 1552618680478.000000
lastlogin: 1552716966382.000000
...
