---
password: 13eabf74623b8db664d0be941a1e6e4984005492efe52e49587406315820080d
ip: 49.230.59.99
firstlogin: 1552652139906.000000
lastlogin: 1552652157358.000000
...
