---
password: 17756315ebd47b7110359fc7b168179bf6f2df3646fcc888bc8aa05c78b38ac1
ip: 223.205.235.227
firstlogin: 1552014270745.000000
lastlogin: 1552014274585.000000
...
