---
password: 09cc1ba5793488066eb9bde432571aa0b152f842e8450b987d72ca8fa0d6911b
ip: 27.55.66.133
firstlogin: 1552097460256.000000
lastlogin: 1552097464753.000000
...
