---
password: 923d0cc76d0e3818b2de459db47b18a5194969b477a2cc9a23667b98451f5c7c
ip: 122.155.47.114
firstlogin: 1551739794386.000000
lastlogin: 1552476144569.000000
...
