---
password: 45f4a3ee810b06447c2a7eb159182f44d75cce75f0d56f96aa353582d3ec699e
ip: 118.172.58.121
firstlogin: 1552287352246.000000
lastlogin: 1552652214752.000000
...
