---
password: 254aa248acb47dd654ca3ea53f48c2c26d641d23d7e2e93a1ec56258df7674c4
ip: 223.24.133.184
firstlogin: 1552837307876.000000
lastlogin: 1552890405563.000000
...
