---
password: 6ab25d863a67c5c777fe318ee7463e33f12cd7d0fe4f0bb910192c5d73933521
ip: 27.55.158.135
firstlogin: 1551337540507.000000
lastlogin: 1551363391136.000000
...
