---
password: 6702bb5e16cd0bd4e54c5220728214eca5481bae982540aed3cc361d650533ab
ip: 223.24.169.208
firstlogin: 1553095336222.000000
lastlogin: 1553182625442.000000
...
