---
password: 1df1854015e31ca286d015345eaff29a6c6073f70984a3a746823d4cac16b075
ip: 115.84.118.113
firstlogin: 1551968430269.000000
lastlogin: 1551968434694.000000
...
