---
password: 720d014b703772b3a32810f64609a32a7a5b0c063bac82547d034d26710ca2fc
ip: 115.84.117.101
firstlogin: 1552019410670.000000
lastlogin: 1552716103464.000000
...
