---
password: 4eb6755a78557ba472812243e2b0f3857285b20aadb606584a2f4925e243b7b1
ip: 124.122.176.27
firstlogin: 1552369799937.000000
lastlogin: 1552449643374.000000
...
