---
password: 78092165fcf248fdb874a7fc56f559510ba86444f564c22ff29d33025b069fa7
ip: 27.55.78.34
firstlogin: 1551790511672.000000
lastlogin: 1551790518792.000000
...
