---
password: 0c6371123d29e64b4fdca0f18b083cdd02988297a8bfe79b54b56a591927aa38
ip: 223.24.154.97
firstlogin: 1552364472303.000000
lastlogin: 1552393040301.000000
...
