---
password: 12d02b3203331e2eb273fd2cd8a762ceaa2d7081f63b5fc4d64fadca9a7d5f7b
ip: 223.24.94.46
firstlogin: 1552831997705.000000
lastlogin: 1552832001591.000000
...
