---
password: 88d73cd91e1fa435edb6240d0699bcc20e0fd40eb17dc4d44d374446ec3b306e
ip: 110.168.235.82
firstlogin: 1551797718402.000000
lastlogin: 1552228522761.000000
...
