---
password: 1df1854015e31ca286d015345eaff29a6c6073f70984a3a746823d4cac16b075
ip: 1.46.110.231
firstlogin: 1551193028351.000000
lastlogin: 1553145816052.000000
...
