---
password: 85f12696ef7a00b5a4acf63cf43a3548d8ab56de1d1c0f4d16b2be3b7f485fab
ip: 184.22.190.182
firstlogin: 1553067224609.000000
lastlogin: 1553067229688.000000
...
