---
password: 78d319e1d2e59968a764e642c460ec60ac61f99d0f3b0e4c30222ce8fd0c9214
ip: 223.205.248.24
firstlogin: 1553438096653.000000
lastlogin: 1553438104747.000000
...
