---
password: 380f1eaf2f58c274e6c298b5b32b57c5150d640adf38157130e6396b3d550970
ip: 58.8.13.149
firstlogin: 1551620719178.000000
lastlogin: 1551620723785.000000
...
