---
password: 0df3ebde689a0571603a9913d9581655b26fec79722aff6d4f49627ae7b73ed9
ip: 1.47.173.57
firstlogin: 1551943178050.000000
lastlogin: 1552207016979.000000
...
