---
password: 7ad4e1ab6cc79ef7fdf9a57bb03dc20927236caa4df7def90dbb7ef6fc91263e
ip: 223.24.62.166
firstlogin: 1553316416559.000000
lastlogin: 1553316437720.000000
...
