---
password: 720d014b703772b3a32810f64609a32a7a5b0c063bac82547d034d26710ca2fc
ip: 223.206.16.137
firstlogin: 1552032861417.000000
lastlogin: 1552032866011.000000
...
