---
password: 127b6ec09f44ba6a37b9840f317313e0ff51dbbcd52307e6a7e14eaa5d89599f
ip: 110.168.235.241
firstlogin: 1552104832923.000000
lastlogin: 1552450616680.000000
...
