---
password: 5c80565db6f29da0b01aa12522c37b32f121cbe47a861ef7f006cb22922dffa1
ip: 110.168.153.134
firstlogin: 1552216313861.000000
lastlogin: 1552216318656.000000
...
