---
password: 5e46c805c86c9ad46566425a1d51454429c10edffe1f63db7b8059510f805292
ip: 119.76.34.255
firstlogin: 1551507247428.000000
lastlogin: 1551527156912.000000
...
