---
password: 15e2b0d3c33891ebb0f1ef609ec419420c20e320ce94c65fbc8c3312448eb225
ip: 180.180.53.171
firstlogin: 1552989362136.000000
lastlogin: 1552989368092.000000
...
