---
password: 1650960f4b99cfecb3ad0cb17f299efd2b599cb8c3288bd2500586fc1f6a1f6b
ip: 223.204.233.40
firstlogin: 1551442786961.000000
lastlogin: 1551442792505.000000
...
