---
password: 05ac1a01bc8286606fb8a0b524aa9b1ca86a3309d31a452465d2848ed6745eaa
ip: 1.46.66.106
firstlogin: 1551176517159.000000
lastlogin: 1553433052871.000000
...
