---
password: 9cebaf099767893b88784f41d7527d88704f25d8e2c1f8ee1cf13e3feebd3dd6
ip: 184.22.255.249
firstlogin: 1552195919002.000000
lastlogin: 1552195930277.000000
...
