---
password: 1df1854015e31ca286d015345eaff29a6c6073f70984a3a746823d4cac16b075
ip: 159.192.220.161
firstlogin: 1552879420338.000000
lastlogin: 1552879430411.000000
...
