---
password: 15e2b0d3c33891ebb0f1ef609ec419420c20e320ce94c65fbc8c3312448eb225
ip: 223.24.166.80
firstlogin: 1551374091086.000000
lastlogin: 1551374095768.000000
...
