---
password: 9260f889a03c3de5a806b802afdcca308513328a90c44988955d8dc13dd93504
ip: 183.89.6.124
firstlogin: 1553317494906.000000
lastlogin: 1553317500023.000000
...
