---
password: 3b3b5462145f173821eac98a6c397457203a8a29271bfa2ef59bc9fd1f4d790d
ip: 58.9.138.23
firstlogin: 1552310222638.000000
lastlogin: 1552310229061.000000
...
