---
password: 91aebe8aac04cea7018be4cad0108c4ae1f3b0d6b057ced4ed1f5b3e27c2fc0f
ip: 184.22.190.182
firstlogin: 1553067103537.000000
lastlogin: 1553067109056.000000
...
