---
password: 96e330aa8429cd939d68868ef7a7ad24a28fd39ddce7013785498f8612004ee3
ip: 115.87.29.101
firstlogin: 1551703625416.000000
lastlogin: 1551703629195.000000
...
