---
password: 14d93cb07e625ca0dd43dec10062b310696503130620a92a6016a75ee21b1d91
ip: 124.122.34.104
firstlogin: 1551784245093.000000
lastlogin: 1552724042960.000000
...
