---
password: 15e2b0d3c33891ebb0f1ef609ec419420c20e320ce94c65fbc8c3312448eb225
ip: 1.0.149.249
firstlogin: 1551867766499.000000
lastlogin: 1551918618295.000000
...
