---
password: 410298467b4a891a34f73a77dee11fe77234a419b9034803e82042b430cd0b66
ip: 171.4.246.60
firstlogin: 1553002146452.000000
lastlogin: 1553002151211.000000
...
