---
password: 7da567684a284991698474dc20d12a57af2234746bf687ebdf9ad4fb8fc5cd90
ip: 182.232.29.92
firstlogin: 1551513661238.000000
lastlogin: 1552299148735.000000
...
