---
password: 15eb41860fe30691cd1c81f17f53c95489fd2087b98e47653b6e963661c18554
ip: 223.206.238.174
firstlogin: 1552989047689.000000
lastlogin: 1552989055649.000000
...
