---
password: 1df1854015e31ca286d015345eaff29a6c6073f70984a3a746823d4cac16b075
ip: 49.49.56.103
firstlogin: 1552570748808.000000
lastlogin: 1552589710466.000000
...
