---
password: 4c05a1297df32066a46bedda26380941bb4dd071768cd2ffdf0ba78f804e65c2
ip: 27.145.210.159
firstlogin: 1551407340251.000000
lastlogin: 1552092841825.000000
...
