---
password: 720d014b703772b3a32810f64609a32a7a5b0c063bac82547d034d26710ca2fc
ip: 142.93.156.249
firstlogin: 1552212595236.000000
lastlogin: 1552491756852.000000
...
