---
password: 09902dfa5fe4c57e07c67926972c4104eaa48addc28800837a0f39f8758a90d2
ip: 27.145.208.214
firstlogin: 1551507278802.000000
lastlogin: 1551507282344.000000
...
