---
password: 541bf3ce2c00becc8012af585a3fa01210c046c10039dab2f7990b5ea84c2312
ip: 184.22.218.133
firstlogin: 1553075643163.000000
lastlogin: 1553095084288.000000
...
