---
password: 1df1854015e31ca286d015345eaff29a6c6073f70984a3a746823d4cac16b075
ip: 115.84.70.254
firstlogin: 1552366584541.000000
lastlogin: 1552964597627.000000
...
