---
password: 054ffc688664fe9da2f0950e3c81db3de204a24dd7de25ab697742ef6bdca820
ip: 171.97.73.145
firstlogin: 1551360541896.000000
lastlogin: 1551360553942.000000
...
