---
password: 46b09f79db8c6c5531756e39860cfd41fa1b311104f1a416e0c6397a93e63059
ip: 171.4.243.146
firstlogin: 1553262973314.000000
lastlogin: 1553263002839.000000
...
