---
password: 443857a3266a051eb221c8c9e93fd4f7993d1465e67e3aa63ff843f3af2f2041
ip: 159.192.217.22
firstlogin: 1551449618537.000000
lastlogin: 1551449623358.000000
...
