---
password: 1df1854015e31ca286d015345eaff29a6c6073f70984a3a746823d4cac16b075
ip: 171.5.207.109
firstlogin: 1552897935981.000000
lastlogin: 1552897940933.000000
...
