---
password: 410298467b4a891a34f73a77dee11fe77234a419b9034803e82042b430cd0b66
ip: 171.4.243.47
firstlogin: 1553141343570.000000
lastlogin: 1553141348395.000000
...
