---
password: 410298467b4a891a34f73a77dee11fe77234a419b9034803e82042b430cd0b66
ip: 171.5.201.240
firstlogin: 1553412742538.000000
lastlogin: 1553412756371.000000
...
