---
password: 46c050b67c1f377157c37f1cc7b61956c0d52e614d5939e11bd85119cf9c51a5
ip: 119.76.28.151
firstlogin: 1551452032904.000000
lastlogin: 1551524907980.000000
...
