---
password: 8096df663ff24b414845fe71b14fe14b4a0aa696e22e5b9de9e9c03166c0eb4e
ip: 171.100.253.32
firstlogin: 1551701111926.000000
lastlogin: 1553475571534.000000
...
