---
password: 15e2b0d3c33891ebb0f1ef609ec419420c20e320ce94c65fbc8c3312448eb225
ip: 49.48.244.116
firstlogin: 1552765434813.000000
lastlogin: 1552765438615.000000
...
