---
password: 1df1854015e31ca286d015345eaff29a6c6073f70984a3a746823d4cac16b075
ip: 58.9.139.241
firstlogin: 1553401573718.000000
lastlogin: 1553410257827.000000
...
