---
password: 0831f7d62f58bea1f3e939417a0ce990966b4dd6a20b02b7b3d5db609dcb2ee5
ip: 49.49.124.243
firstlogin: 1552156513692.000000
lastlogin: 1552156517659.000000
...
