---
password: 3e0a457825ead69f2f0648a2235e299e09ae379cc92540fbf2d965400083fad6
ip: 182.232.4.118
firstlogin: 1553066221453.000000
lastlogin: 1553071862469.000000
...
