---
password: 2f4ac5beab28bb1785c6f148268a3436ce0bccaad6edc107159d0b0ada796069
ip: 110.168.152.8
firstlogin: 1551515766992.000000
lastlogin: 1551515771838.000000
...
