---
password: 5888101efcb30351ede58f93b8866fdc6a8237c3a2e27e5fdb7811fc6f6a4b75
ip: 125.26.233.65
firstlogin: 1551272985381.000000
lastlogin: 1552286458270.000000
...
