---
password: 399e6f7b16f8213eba120df06996f0b5c6aba2220255a1c160ddbfd97bc0ed8f
ip: 1.46.102.254
firstlogin: 1551345600680.000000
lastlogin: 1552509366056.000000
...
