---
password: 631298eeb9ae2a5c833cc69aff75a155d1019d5249e55fa912fcdf12aed149ed
ip: 223.24.60.218
firstlogin: 1552557263046.000000
lastlogin: 1552617354872.000000
...
