---
password: 09b24abdb72b8ce4159cd15cf06cd6c02999eac5d316e54e03ca2a103f3cb778
ip: 27.55.24.25
firstlogin: 1552205847812.000000
lastlogin: 1552205851473.000000
...
