---
password: 804438c15e3aaeca9e23523217f034eaf568b578c705f6551b8151023e836109
ip: 182.232.6.123
firstlogin: 1552985678385.000000
lastlogin: 1553106453097.000000
...
