---
password: 1718c24b10aeb8099e3fc44960ab6949ab76a267352459f203ea1036bec382c2
ip: 223.24.166.240
firstlogin: 1551444615742.000000
lastlogin: 1551530046368.000000
...
