---
password: 6e7d5807a42a2e5eca215a9e893a241f5fb2f9c85f76c2da3af5d421769a1196
ip: 114.109.81.228
firstlogin: 1551430899104.000000
lastlogin: 1551430903794.000000
...
