---
password: 371a900a9c2efa6ccdd3694831871cf9a0e049a7d70f8ac7f234b0a380f39e2e
ip: 223.207.243.6
firstlogin: 1552103088314.000000
lastlogin: 1552103097547.000000
...
