---
password: 6695545def4bf08ab7d44c413d0dc5576c7d241a5c9f38cb52a28d5023c7dec1
ip: 95.179.22.181
firstlogin: 1552514234757.000000
lastlogin: 1552514242305.000000
...
