---
password: 7f51626e18759905b8e990a31b9e60339bf882d6e241691ea2d4739694d5a6ab
ip: 182.232.167.203
firstlogin: 1551358786174.000000
lastlogin: 1551358791731.000000
...
