---
password: 15e2b0d3c33891ebb0f1ef609ec419420c20e320ce94c65fbc8c3312448eb225
ip: 114.109.81.228
firstlogin: 1552127374350.000000
lastlogin: 1552127379235.000000
...
