---
password: 48344be44cdf52ee187e6486e3c7f0074ff612c03025eb4232f7dfd9049c0b12
ip: 182.232.0.198
firstlogin: 1552299986800.000000
lastlogin: 1552299991252.000000
...
