---
password: 5aa114bf02cfda958fe342b80cba291cb65d8c1346447c9a60bc41d156249d7a
ip: 49.229.142.76
firstlogin: 1553005957475.000000
lastlogin: 1553005962221.000000
...
