---
password: 72ac90cc1ae8be09d5e0d63724b78499a26aec7407f6f11f3fd3247bf50f8c40
ip: 101.108.193.21
firstlogin: 1552199393260.000000
lastlogin: 1552199409481.000000
...
