---
password: 56aba25200a3e0afe976a3be5e3030c78222310ffa527f4e1c543b166f85b45b
ip: 182.53.194.156
firstlogin: 1553328412600.000000
lastlogin: 1553411447852.000000
...
