---
password: 1925bd2040428f2e981a3485c8a297ec3829c386bb1543effc4ae60e69407300
ip: 171.96.189.21
firstlogin: 1553062749114.000000
lastlogin: 1553222591206.000000
...
