---
password: 56aba25200a3e0afe976a3be5e3030c78222310ffa527f4e1c543b166f85b45b
ip: 182.52.28.172
firstlogin: 1552107541557.000000
lastlogin: 1553322905850.000000
...
