---
password: 88adfe1dadf6856c8b1459535d77029c959f6387cb2bcce9260c4c5558692869
ip: 1.2.137.86
firstlogin: 1552714194391.000000
lastlogin: 1553409820631.000000
...
