---
password: 11ad32802b73fdc22efb598f087d7360cb347d490fb46a74b6ef9a2c060d7a00
ip: 124.122.28.234
firstlogin: 1553152022312.000000
lastlogin: 1553446771670.000000
...
