---
password: 2efde7976d7504d2ff64176d1a707b0d9e2ceefbb99490942cbff61e3658fb87
ip: 171.4.232.232
firstlogin: 1552398103374.000000
lastlogin: 1552813395242.000000
...
