---
password: 183df1a5384b3ab9aab9193aa7b9646fde0b8d2b718582d8cb65670e6b7ebc55
ip: 101.51.251.121
firstlogin: 1552551795612.000000
lastlogin: 1552797504654.000000
...
