---
password: 02b4e1c798ba8d6ea00c64a1c8d7f9a3f78889693979dfd0fad980ac56683639
ip: 223.24.0.11
firstlogin: 1551188658613.000000
lastlogin: 1553344892765.000000
...
