---
password: 88f8ad372a678543fb130ee79c5f112811af9bf35cb6ac2804073faf20af0343
ip: 183.182.122.7
firstlogin: 1553190255914.000000
lastlogin: 1553311624833.000000
...
