---
password: 7e071fd9b023ed8f18458a73613a0834f6220bd5cc50357ba3493c6040a9ea8c
ip: 49.229.67.176
firstlogin: 1551586640019.000000
lastlogin: 1553310466012.000000
...
