---
password: 409c1093507b6004e8a69784c59d4aab25819c976ec15f9d48b621e2f82ffda8
ip: 27.145.136.48
firstlogin: 1553487029249.000000
lastlogin: 1553487033681.000000
...
