---
password: 35976a9b4d416314d4809f4a3b2c8e25cf72e964093b49245ca34027ad42ee22
ip: 171.96.190.34
firstlogin: 1551684564768.000000
lastlogin: 1553445196157.000000
...
