---
password: 042ef8c355135b37461634ed7d9e09d041d87d58ca1cd15ec409e2659a8a333e
ip: 124.122.29.246
firstlogin: 1553399936934.000000
lastlogin: 1553399941629.000000
...
