---
password: 1df1854015e31ca286d015345eaff29a6c6073f70984a3a746823d4cac16b075
ip: 1.47.135.149
firstlogin: 1552723212145.000000
lastlogin: 1552787816071.000000
...
