---
password: 5e46c805c86c9ad46566425a1d51454429c10edffe1f63db7b8059510f805292
ip: 124.120.118.138
firstlogin: 1552214329919.000000
lastlogin: 1552214334757.000000
...
