---
password: 2049a023a44f7b6beaac8405092b11dcfd70e137c282c51637e9c5ce1bb94046
ip: 223.24.172.123
firstlogin: 1553106577801.000000
lastlogin: 1553106586616.000000
...
