---
password: 932f3c1b56257ce8539ac269d7aab42550dacf8818d075f0bdf1990562aae3ef
ip: 223.205.250.43
firstlogin: 1553141441686.000000
lastlogin: 1553422478373.000000
...
