---
password: 88633736966c77a6d7574b1db33ae7ac52f33581ef398ce1256ed4b33ecbe406
ip: 49.229.91.95
firstlogin: 1551936388319.000000
lastlogin: 1553409752738.000000
...
