---
password: 556e6009da3e2fc77aace228fe35f47a680c8ff9c2ecedd12490e588388529f5
ip: 182.232.18.251
firstlogin: 1551917487792.000000
lastlogin: 1551917492348.000000
...
