---
password: 6eea2b82a21fa5a50d3ebe1e63ddb3c6a87644a5a2aa648028cf56facb85a790
ip: 27.130.113.215
firstlogin: 1552212348305.000000
lastlogin: 1553051831605.000000
...
