---
password: 8bb0cf6eb9b17d0f7d22b456f121257dc1254e1f01665370476383ea776df414
ip: 49.229.67.158
firstlogin: 1552573767845.000000
lastlogin: 1552573771934.000000
...
