---
password: 55452b7c360e7eabdedc974918015a94c4e64bd699946948ced48d44adfceb5e
ip: 223.24.166.73
firstlogin: 1552801221548.000000
lastlogin: 1552801227169.000000
...
