---
password: 556e6009da3e2fc77aace228fe35f47a680c8ff9c2ecedd12490e588388529f5
ip: 49.230.213.249
firstlogin: 1551885578246.000000
lastlogin: 1551885585154.000000
...
