---
password: 1df1854015e31ca286d015345eaff29a6c6073f70984a3a746823d4cac16b075
ip: 184.22.150.127
firstlogin: 1552203314144.000000
lastlogin: 1552203319127.000000
...
