---
password: 796565281f0625f4e46b5d8afd4af05eb67fb56b786ea6c06ad220db02ebd067
ip: 223.205.249.139
firstlogin: 1553484815435.000000
lastlogin: 1553485460076.000000
...
