---
password: 725920ef33f4498eea6e424cf0e50ea412fb9674d320649becf1334c9a27ff56
ip: 159.65.143.70
firstlogin: 1553443506616.000000
lastlogin: 1553443512701.000000
...
