---
password: 19c5daa31507aae1ba6887c4a8d8f9a15e4ce50eb4a3a69119f12bdb3a6806d1
ip: 49.229.48.88
firstlogin: 1551450299868.000000
lastlogin: 1551503146043.000000
...
