---
password: 3ada4084060dabad94425f8d953acab6c110ffada6e664fa89cb2fd6cdde5e66
ip: 223.204.241.199
firstlogin: 1553430765590.000000
lastlogin: 1553430770457.000000
...
