---
password: 1cc8223a4bbe27e85332138b55ce652e93f9b857b41d9c71a26e503abda471fb
ip: 171.5.249.29
firstlogin: 1551260732772.000000
lastlogin: 1552642217887.000000
...
