---
password: 5be0888bbe2087f962fee5748d9cf52e37e4c6a24af79675ff7e1ca0a1b12739
ip: 115.84.70.111
firstlogin: 1552115217916.000000
lastlogin: 1552115224187.000000
...
