---
password: 1df1854015e31ca286d015345eaff29a6c6073f70984a3a746823d4cac16b075
ip: 182.232.152.186
firstlogin: 1552723672255.000000
lastlogin: 1552723676524.000000
...
