---
password: 871fdd9496d9c683f95434d3a430742e964ae56a89b04bf2152207ae88c05f6d
ip: 223.207.251.240
firstlogin: 1551183387571.000000
lastlogin: 1551617126681.000000
...
