---
password: 52d1d87c3b2027f3f2660015ddf6463e97430b4e60099217143ac75a45646aa1
ip: 182.232.173.10
firstlogin: 1552182553917.000000
lastlogin: 1552483126115.000000
...
