---
password: 9f7a151e13f36eb95b93576f1550ab4efcc82402aedf11b64024cf03005c07b0
ip: 223.205.186.207
firstlogin: 1552058779893.000000
lastlogin: 1552111976219.000000
...
