---
password: 15e2b0d3c33891ebb0f1ef609ec419420c20e320ce94c65fbc8c3312448eb225
ip: 118.175.171.3
firstlogin: 1551408487097.000000
lastlogin: 1551408492066.000000
...
