---
password: 17756315ebd47b7110359fc7b168179bf6f2df3646fcc888bc8aa05c78b38ac1
ip: 182.232.33.163
firstlogin: 1553301367732.000000
lastlogin: 1553344577592.000000
...
