---
password: 719057800ac1be14366adaa746c5987e2c26edbde487c00299f2e5153954e055
ip: 171.97.52.33
firstlogin: 1551949204687.000000
lastlogin: 1551949208371.000000
...
