---
password: 058dba1dc0a665ce018ce7f835ad1ef166ae372c0117f838b0cf7c97aa3059d9
ip: 122.155.47.17
firstlogin: 1551615203985.000000
lastlogin: 1551665614232.000000
...
