---
password: 1682124360ca5a3877a4d6019750acea0f2c1e43577369210c4e38cb51aba769
ip: 182.232.176.65
firstlogin: 1552200211882.000000
lastlogin: 1552200217126.000000
...
