---
password: 1df1854015e31ca286d015345eaff29a6c6073f70984a3a746823d4cac16b075
ip: 125.25.175.207
firstlogin: 1552055668575.000000
lastlogin: 1552055673948.000000
...
