---
password: 6f712ac62b860484e06c17baa5fa02452d1200376ff3393bc53d32e654a286a9
ip: 171.5.248.143
firstlogin: 1552546548201.000000
lastlogin: 1552546552842.000000
...
