---
password: 8b86087e87058b23cc2a7ab877edf5e8d97d94f84e34a72cfc0db09a297d2fc8
ip: 223.24.62.99
firstlogin: 1552103397018.000000
lastlogin: 1552118576409.000000
...
