---
password: 4d17be6f1a48a399baafff5377730b5fd3e3c6eb33fa93e7f00fb9572a13f86c
ip: 223.205.153.41
firstlogin: 1553147569620.000000
lastlogin: 1553147573761.000000
...
