---
password: 4a8a6c253d7e8573f0143b405bcca867478b6eb47e146a8eca0aa288bd32e9c7
ip: 49.48.52.219
firstlogin: 1552918199061.000000
lastlogin: 1552918203105.000000
...
