---
password: 720d014b703772b3a32810f64609a32a7a5b0c063bac82547d034d26710ca2fc
ip: 171.96.190.34
firstlogin: 1553441760399.000000
lastlogin: 1553441767744.000000
...
