---
password: 15e2b0d3c33891ebb0f1ef609ec419420c20e320ce94c65fbc8c3312448eb225
ip: 124.122.123.48
firstlogin: 1552788592940.000000
lastlogin: 1552788598273.000000
...
