---
password: 610227aede69db5375e7946e2a5acdb63451e9c4dd2c6f32eb98c2de03aa0b14
ip: 118.173.66.223
firstlogin: 1553482087882.000000
lastlogin: 1553485461517.000000
...
