---
password: 659017e8171497e1e4de9a4c520dde2c5fabc3711ff38f375bf1403295c191fd
ip: 182.232.43.251
firstlogin: 1553078136571.000000
lastlogin: 1553078141010.000000
...
