---
password: 17756315ebd47b7110359fc7b168179bf6f2df3646fcc888bc8aa05c78b38ac1
ip: 223.24.3.226
firstlogin: 1553240815974.000000
lastlogin: 1553476945955.000000
...
