---
password: 720d014b703772b3a32810f64609a32a7a5b0c063bac82547d034d26710ca2fc
ip: 1.46.15.115
firstlogin: 1552202630168.000000
lastlogin: 1552309111538.000000
...
