---
password: 2659c5d3e6edd8c841e235c3dd84d6c98a72f7fb42731a5e1fa6af7622b7eb69
ip: 182.53.133.31
firstlogin: 1552637661344.000000
lastlogin: 1552637665584.000000
...
