---
password: 932f3c1b56257ce8539ac269d7aab42550dacf8818d075f0bdf1990562aae3ef
ip: 223.205.234.255
firstlogin: 1553129269015.000000
lastlogin: 1553482828074.000000
...
