---
password: 14bbe121d32a6ec27174ca7b2ff97cd7cd4d06360c32f0e41f04989fcfdb315e
ip: 125.25.245.197
firstlogin: 1552055259288.000000
lastlogin: 1552055264485.000000
...
