---
password: 8bb0cf6eb9b17d0f7d22b456f121257dc1254e1f01665370476383ea776df414
ip: 124.120.202.126
firstlogin: 1553331840213.000000
lastlogin: 1553331847468.000000
...
