---
password: 71b279e611e1416a4f11edff989295da80435e897edaa0e6e0f7ce2c1a0e339a
ip: 113.53.19.247
firstlogin: 1551394663647.000000
lastlogin: 1551436326856.000000
...
