---
password: 1718c24b10aeb8099e3fc44960ab6949ab76a267352459f203ea1036bec382c2
ip: 1.10.221.14
firstlogin: 1553156110909.000000
lastlogin: 1553156115540.000000
...
