---
password: 6e8220625c9feb5b82b7641d3aef8a1b35b1ffdd6345728b6cfdcd610c081817
ip: 182.232.29.252
firstlogin: 1552388859530.000000
lastlogin: 1552388866484.000000
...
