---
password: 9260f889a03c3de5a806b802afdcca308513328a90c44988955d8dc13dd93504
ip: 223.24.171.61
firstlogin: 1551504393203.000000
lastlogin: 1553320484205.000000
...
