---
password: 758a4e80553261e9edba3fd336b90c23463a8a5cf1ea09b668ec634b024ea596
ip: 58.11.24.244
firstlogin: 1552210269960.000000
lastlogin: 1552372773078.000000
...
