---
password: 46b09f79db8c6c5531756e39860cfd41fa1b311104f1a416e0c6397a93e63059
ip: 182.232.136.246
firstlogin: 1551594158409.000000
lastlogin: 1551594165132.000000
...
