---
password: 5a3508c0922a4d2709fe752a97b31aed6861f50acd1d935122b4d4c14c35c6cc
ip: 223.24.144.123
firstlogin: 1551516234086.000000
lastlogin: 1552189523695.000000
...
