---
password: 9920694a13338aa6e9f26b4efc833838482c27026958c654b6f6f4a224a70388
ip: 182.232.186.13
firstlogin: 1552566436789.000000
lastlogin: 1552566446558.000000
...
