---
password: 720d014b703772b3a32810f64609a32a7a5b0c063bac82547d034d26710ca2fc
ip: 182.232.9.175
firstlogin: 1552780111225.000000
lastlogin: 1552964232021.000000
...
