---
password: 0102eead7ca402cf7b7ee74fef5410dceb53153ba34e59067aef9155056a2b77
ip: 118.173.164.69
firstlogin: 1551705408072.000000
lastlogin: 1553395266696.000000
...
