---
password: 20846efdfddab063424795f2c7bab06e03c7a583a0f767ef4c584eaa831e27a4
ip: 223.207.121.115
firstlogin: 1551793030989.000000
lastlogin: 1551793038135.000000
...
