---
password: 20846efdfddab063424795f2c7bab06e03c7a583a0f767ef4c584eaa831e27a4
ip: 223.207.116.253
firstlogin: 1552498212474.000000
lastlogin: 1553118844455.000000
...
