---
password: 1cc8223a4bbe27e85332138b55ce652e93f9b857b41d9c71a26e503abda471fb
ip: 223.24.153.230
firstlogin: 1551448276564.000000
lastlogin: 1551448280913.000000
...
