---
password: 20846efdfddab063424795f2c7bab06e03c7a583a0f767ef4c584eaa831e27a4
ip: 223.207.7.239
firstlogin: 1551380920515.000000
lastlogin: 1551448982795.000000
...
