---
password: 7b4643334cb8f987fe4063c58c6fd8a3f418cfbf9c1b1f3b53078f2099dce3d2
ip: 49.48.139.2
firstlogin: 1553423718203.000000
lastlogin: 1553423735473.000000
...
