---
password: 40d07320df4d2c5b836947253976ddebdb8b451ffa60279cdd0834d8fcefa6c5
ip: 118.172.202.250
firstlogin: 1552643504277.000000
lastlogin: 1552643509338.000000
...
