---
password: 40d07320df4d2c5b836947253976ddebdb8b451ffa60279cdd0834d8fcefa6c5
ip: 182.53.133.88
firstlogin: 1551886957432.000000
lastlogin: 1551886962281.000000
...
