---
password: 3b565f356b836409963d63a8d2691d2dee2fbb8876cfd08b4640350c5cc06f02
ip: 182.53.223.49
firstlogin: 1551442173296.000000
lastlogin: 1551529886745.000000
...
