---
password: 15e2b0d3c33891ebb0f1ef609ec419420c20e320ce94c65fbc8c3312448eb225
ip: 110.78.181.68
firstlogin: 1553357818440.000000
lastlogin: 1553414437438.000000
...
