---
password: 703fb525d4844bc9b26701745891a008df526941ec2de4d6fe2ebac57af6af89
ip: 171.5.238.173
firstlogin: 1553016806980.000000
lastlogin: 1553143837020.000000
...
