---
password: 1e17ef116fa7662ac7b9986eb9b791434bb117e98692bac804e4d2f2327e39df
ip: 1.10.209.191
firstlogin: 1553329973370.000000
lastlogin: 1553329977594.000000
...
