---
password: 09a4252b80ff27e462a85fb21bb9f6581f9e0914eb0129a3dced86e6629f3f7a
ip: 182.232.19.184
firstlogin: 1551780038584.000000
lastlogin: 1551951362403.000000
...
