---
password: 64bd25767690ebaf0c9741c35e294c340fedbbfb911169260c86e64fda57095f
ip: 49.237.203.244
firstlogin: 1551595909209.000000
lastlogin: 1551608539917.000000
...
