---
password: 46c050b67c1f377157c37f1cc7b61956c0d52e614d5939e11bd85119cf9c51a5
ip: 58.8.227.183
firstlogin: 1551234198115.000000
lastlogin: 1553160480200.000000
...
