---
password: 88b14dd5fb5015bfbb2efcf38114d771fe3f0e6c7a32fa749c97fdc63b2781cc
ip: 171.5.247.30
firstlogin: 1552195344367.000000
lastlogin: 1552195348958.000000
...
