---
password: 60663f29d4f1a8307ff88aabeeae636bd2594c02f52da70fed479b72ee0c3fdd
ip: 223.24.153.50
firstlogin: 1552453713535.000000
lastlogin: 1552460359742.000000
...
