---
password: 1df1854015e31ca286d015345eaff29a6c6073f70984a3a746823d4cac16b075
ip: 171.4.152.135
firstlogin: 1551456549941.000000
lastlogin: 1552985279553.000000
...
