---
password: 9d7591481c4d129cb878f13745a8ab1995c5437ed093c1638940adec8c2b50e3
ip: 159.192.216.114
firstlogin: 1551932910760.000000
lastlogin: 1551932915225.000000
...
