---
password: 9bb54b20dd7e1d63cd79ca9c2409056d3cd587e15e1be49a9ae6f80621652927
ip: 171.100.25.144
firstlogin: 1552367625296.000000
lastlogin: 1552367629510.000000
...
