---
password: 47e433b4baca6a569790a6d21d2b171748eb7f0de2ef656f8a73182dd5ef2dad
ip: 223.206.249.63
firstlogin: 1551527864611.000000
lastlogin: 1551571887965.000000
...
