---
password: 818d93f1e033a51c724327b1cf008aac4330778c91f3f319f9ec4a8a63d72ad0
ip: 182.232.191.195
firstlogin: 1551703549729.000000
lastlogin: 1551703553868.000000
...
