---
password: 450934e3f327c8f36ba8af3e3396a0d7bfa03defea8a243fa9b06544eb005a40
ip: 1.47.101.29
firstlogin: 1552183253859.000000
lastlogin: 1552183258315.000000
...
