---
password: 2e68c2af80b83f1acaf678a958972d8bce343f6a3085951b0e3480feb71492f5
ip: 115.84.117.151
firstlogin: 1551946383463.000000
lastlogin: 1553339302070.000000
...
