---
password: 62a8cbca4c45f0847349bb5b0a84433d0605b1553345a9ff2b5c9ec580a531f1
ip: 124.122.90.153
firstlogin: 1552064102312.000000
lastlogin: 1552824945428.000000
...
