---
password: 183df1a5384b3ab9aab9193aa7b9646fde0b8d2b718582d8cb65670e6b7ebc55
ip: 182.52.209.17
firstlogin: 1552102513063.000000
lastlogin: 1552184683209.000000
...
