---
password: 45fa4ccb523cc75c97a011748c8fc73d1c99c543a68beb2af1398c72427db97c
ip: 171.6.248.169
firstlogin: 1551594472942.000000
lastlogin: 1552914927298.000000
...
