---
password: 65352915d94632e1f2a66e19537e652c0259be976e49eb582e86a48ca509a131
ip: 182.232.135.59
firstlogin: 1551682017565.000000
lastlogin: 1551682304598.000000
...
