---
password: 720d014b703772b3a32810f64609a32a7a5b0c063bac82547d034d26710ca2fc
ip: 223.204.58.196
firstlogin: 1552890340513.000000
lastlogin: 1552890345334.000000
...
