---
password: 4f31be334930f7fea84becf24d93b61de64a63bc414b21d3a18ae6fbfb00ffa5
ip: 223.24.152.71
firstlogin: 1551194817206.000000
lastlogin: 1551194819540.000000
...
