---
password: 5edc3af4ec5359c03bfc60b09bc14fced2d1a26e4963c6b4847a843706a5840c
ip: 58.8.152.189
firstlogin: 1552119801210.000000
lastlogin: 1552119805432.000000
...
