---
password: 993f6c00126ebbb39cf6c730b3e815f35a16317a82cb189c8a4ad7d55730d175
ip: 58.8.152.189
firstlogin: 1552119717871.000000
lastlogin: 1552119724600.000000
...
