---
password: 720d014b703772b3a32810f64609a32a7a5b0c063bac82547d034d26710ca2fc
ip: 124.122.95.213
firstlogin: 1553437456151.000000
lastlogin: 1553481003168.000000
...
