---
password: 9a900403ac313ba27a1bc81f0932652b8020dac92c234d98fa0b06bf0040ecfd
ip: 171.98.76.101
firstlogin: 1552101519934.000000
lastlogin: 1552101524080.000000
...
