---
password: 03981787d87c912e2e8471a79bfa78bd948993cb4179bd93bb9551c3c9cf4174
ip: 159.192.216.140
firstlogin: 1551708591246.000000
lastlogin: 1551708595711.000000
...
