---
password: 5e46c805c86c9ad46566425a1d51454429c10edffe1f63db7b8059510f805292
ip: 124.120.123.82
firstlogin: 1552199875084.000000
lastlogin: 1552298576718.000000
...
