---
password: 720d014b703772b3a32810f64609a32a7a5b0c063bac82547d034d26710ca2fc
ip: 182.232.25.220
firstlogin: 1552030244944.000000
lastlogin: 1552030248675.000000
...
