---
password: 4e8f8213ceef3bea6218627bef7bc96f5c409e8ed8ee799f55381c832ce4eef0
ip: 182.232.38.105
firstlogin: 1552399655060.000000
lastlogin: 1553141794734.000000
...
