---
password: 1cd42801d24c224deedc55b26e45386a3a23f78c91671cd8b386623f4b21375a
ip: 119.76.124.62
firstlogin: 1551837128976.000000
lastlogin: 1551837132609.000000
...
