---
password: 6007535801a41087c6015a2d2e086944cf5c536ffc1e94361f3b0cc16c9033c1
ip: 115.84.71.186
firstlogin: 1552003566540.000000
lastlogin: 1552038026733.000000
...
