---
password: 01e78518c6f043346f8de2d16325e7bcae51fa4662780429a3cee7bc767f14da
ip: 1.47.96.85
firstlogin: 1551712324536.000000
lastlogin: 1552047023034.000000
...
