---
password: 1df1854015e31ca286d015345eaff29a6c6073f70984a3a746823d4cac16b075
ip: 223.204.233.99
firstlogin: 1551941269156.000000
lastlogin: 1551941273683.000000
...
