---
password: 705011dac0e3298724074e1df08ceadb5c7c56448339a2b373b767f0adaacff4
ip: 184.22.255.33
firstlogin: 1551258519166.000000
lastlogin: 1551341547522.000000
...
