---
password: 53b7579933a50180e62868f0ef7a7af6f3f956465ee5b49853008f0e7a6e8286
ip: 171.5.250.181
firstlogin: 1551514985239.000000
lastlogin: 1551514990931.000000
...
