---
password: 1df1854015e31ca286d015345eaff29a6c6073f70984a3a746823d4cac16b075
ip: 49.229.138.88
firstlogin: 1551174034800.000000
lastlogin: 1552172445403.000000
...
