---
password: 15e2b0d3c33891ebb0f1ef609ec419420c20e320ce94c65fbc8c3312448eb225
ip: 1.47.2.60
firstlogin: 1551354374337.000000
lastlogin: 1551606152124.000000
...
