---
password: 239ff1b59d04f2219da192aa49cd0e214d8e67c3c2b3f1015af5e4bb7e43b4b3
ip: 125.26.13.74
firstlogin: 1551936390505.000000
lastlogin: 1551936396008.000000
...
