---
password: 8bb0cf6eb9b17d0f7d22b456f121257dc1254e1f01665370476383ea776df414
ip: 223.24.187.173
firstlogin: 1552822032560.000000
lastlogin: 1552822037400.000000
...
