---
password: 49d810242afea92fb285e9235adaed8bc116edf8d27475b1408a2ed7821e1fc4
ip: 182.232.189.75
firstlogin: 1551698160468.000000
lastlogin: 1551782384694.000000
...
