---
password: 6efe42852827e9b0362b61e074b363342f6c515c2fa1263a44d3b6b568f3248e
ip: 184.22.246.98
firstlogin: 1552787226345.000000
lastlogin: 1552787230294.000000
...
