---
password: 0cc0844fb256e735654ef0e0161c704572ab54ef19c898b58c54d0d0ad47a723
ip: 223.24.94.144
firstlogin: 1551779218115.000000
lastlogin: 1552298903164.000000
...
