---
password: 15e2b0d3c33891ebb0f1ef609ec419420c20e320ce94c65fbc8c3312448eb225
ip: 183.182.123.109
firstlogin: 1552719047392.000000
lastlogin: 1552719051760.000000
...
