---
password: 5eedc4cc4889bb011e0c22141b17ef3101a6cb36dc6fd1e7e4ca4b5fca6b225f
ip: 223.24.95.82
firstlogin: 1551370541890.000000
lastlogin: 1553410845648.000000
...
