---
password: 5e46c805c86c9ad46566425a1d51454429c10edffe1f63db7b8059510f805292
ip: 171.97.100.108
firstlogin: 1552199906424.000000
lastlogin: 1552199916221.000000
...
