---
password: 1df1854015e31ca286d015345eaff29a6c6073f70984a3a746823d4cac16b075
ip: 223.24.152.210
firstlogin: 1552574590098.000000
lastlogin: 1552574594637.000000
...
