---
password: 1df1854015e31ca286d015345eaff29a6c6073f70984a3a746823d4cac16b075
ip: 223.24.62.148
firstlogin: 1552878268840.000000
lastlogin: 1553143965621.000000
...
