---
password: 47400463278536f9f59ad9975cfdfc15dceaba308edeab04ed68ed5e69346f34
ip: 58.8.154.13
firstlogin: 1553432450677.000000
lastlogin: 1553432454587.000000
...
