---
password: 4893f0ff9104db4a8e9a8e5e72b25ad98a52f0fa6aad05547feb1941cf33a976
ip: 1.47.167.200
firstlogin: 1552995627312.000000
lastlogin: 1552995633055.000000
...
