---
password: 9a900403ac313ba27a1bc81f0932652b8020dac92c234d98fa0b06bf0040ecfd
ip: 223.24.171.142
firstlogin: 1552128948112.000000
lastlogin: 1552132789870.000000
...
