---
password: 5600715f42bf51c40dc330d750cd996f58fead4ddea56466ce7498d17801b3a5
ip: 58.11.1.101
firstlogin: 1552481165733.000000
lastlogin: 1552481170277.000000
...
