---
password: 2b218a3de6e9c348c3c482caee9ed793b7963c54d3bbe757a8b1ba7f64cdde0a
ip: 58.11.1.101
firstlogin: 1552480938996.000000
lastlogin: 1552480943554.000000
...
