---
password: 3b3b5462145f173821eac98a6c397457203a8a29271bfa2ef59bc9fd1f4d790d
ip: 171.98.81.158
firstlogin: 1553316537012.000000
lastlogin: 1553316542624.000000
...
