---
password: 77426aa051e0aa7fc386ea976410e8a87d2c36c00eee16e75aa2359d0bd58ef4
ip: 115.87.4.101
firstlogin: 1552583656740.000000
lastlogin: 1552583664327.000000
...
