---
password: 1df1854015e31ca286d015345eaff29a6c6073f70984a3a746823d4cac16b075
ip: 182.52.211.57
firstlogin: 1553425051845.000000
lastlogin: 1553425056058.000000
...
