---
password: 2c7acde3ed6c3f496fe908c6c9979bc995ea894853c4216f134fa71171313bc2
ip: 223.206.202.116
firstlogin: 1553143354143.000000
lastlogin: 1553174545516.000000
...
