---
password: 6922d3f0cd39b44962a9d384fd9cc37ffc7602f58d22f27b8fa8edf63427cbb6
ip: 114.109.81.228
firstlogin: 1552050579965.000000
lastlogin: 1552050584658.000000
...
