---
password: 3fd6a164df96471ff61a49f85101eb5e90d66f6f55261728859b8fc5e8b09e43
ip: 182.232.187.70
firstlogin: 1552816773728.000000
lastlogin: 1552816777470.000000
...
