---
password: 3f415c8da9fe8f047288ee160ad4293a633b30a5b2e836e0ed0ab192207e6b53
ip: 49.229.123.173
firstlogin: 1552026247983.000000
lastlogin: 1552026252246.000000
...
