---
password: 4320ab43cc315613fbb59a86e7a8c87679cffcd9a80ace7052bd98b4c33a6d36
ip: 124.122.40.132
firstlogin: 1552981972081.000000
lastlogin: 1553000125839.000000
...
