---
password: 3408c6cbcbdd9a892133442a0a33c3dba2f8fe2f3f2748ea36ca38b0d694ef89
ip: 223.24.185.28
firstlogin: 1551870084308.000000
lastlogin: 1551939979438.000000
...
