---
password: 8bf4dec545e105bb54dafcfe6436b67ab8bf0c01d7b575d865810661b858d86f
ip: 203.150.128.207
firstlogin: 1552365415118.000000
lastlogin: 1552365418855.000000
...
