---
password: 889dc20517d0c58290ca9c7ab5a29d06d3ed2d7ff1cbd7a597c08e654c4619e9
ip: 203.150.128.207
firstlogin: 1552365601912.000000
lastlogin: 1552365605605.000000
...
