---
password: 7cb14d536089ee64a6516239ce61dd9164182b971f42fa078f5ec81233266b23
ip: 171.101.22.228
firstlogin: 1552187323974.000000
lastlogin: 1552497656322.000000
...
