---
password: 9ea13afc6d1fea9b3ba059c4a65ca2849b5373411a97e775927e7bfd67f78dbb
ip: 182.232.184.46
firstlogin: 1552836740054.000000
lastlogin: 1552836768561.000000
...
