---
password: 15e2b0d3c33891ebb0f1ef609ec419420c20e320ce94c65fbc8c3312448eb225
ip: 49.49.75.187
firstlogin: 1552045232196.000000
lastlogin: 1552045235714.000000
...
