---
password: 53fe39758fc5ee6e25b42f1524078d690d8a50e45c4817028b89404cbc9e98a8
ip: 182.52.194.176
firstlogin: 1551359171411.000000
lastlogin: 1553004989397.000000
...
