---
password: 9261275204eafad43abdfec71e1d9c9a382479fef67f6bd7a4a56e155ccc4582
ip: 118.172.123.161
firstlogin: 1552352929034.000000
lastlogin: 1552352933375.000000
...
