---
password: 3a8e4a91240e03a13cfabe791f4386574a6db2f036b90f0a3e02d94c876b04f2
ip: 223.24.164.225
firstlogin: 1551448947336.000000
lastlogin: 1551484324763.000000
...
