---
password: 50b3a8e60c839160cfbf59a968518706fb2cfebf5da06c56b6aacff92fa7e2f5
ip: 182.53.147.83
firstlogin: 1553338851805.000000
lastlogin: 1553342709162.000000
...
