---
password: 3ef1572962148101180ddcfedf043bf99f6f846ede012af95645a2b5f091470c
ip: 171.97.76.55
firstlogin: 1551623856846.000000
lastlogin: 1551623860965.000000
...
