---
password: 88d73cd91e1fa435edb6240d0699bcc20e0fd40eb17dc4d44d374446ec3b306e
ip: 27.145.211.180
firstlogin: 1552574574851.000000
lastlogin: 1552574579121.000000
...
