---
password: 74a1fa1deb259af32adb1755760e073cedae4e47df0e161cccae01e250281ac5
ip: 184.22.159.75
firstlogin: 1551347531845.000000
lastlogin: 1552900406078.000000
...
