---
password: 15e2b0d3c33891ebb0f1ef609ec419420c20e320ce94c65fbc8c3312448eb225
ip: 182.232.174.121
firstlogin: 1551222758027.000000
lastlogin: 1551444318382.000000
...
