---
password: 543e3bf791394d43cefe7050d052ea3f104d0c72beaa83259a0cf37bad159593
ip: 184.22.110.200
firstlogin: 1551952786033.000000
lastlogin: 1551952789943.000000
...
