---
password: 98cfa2745a27de1792dc0731ea0df6ccf1904894d5997f9093c11a4a523edc51
ip: 1.46.109.172
firstlogin: 1552573902267.000000
lastlogin: 1552707798706.000000
...
