---
password: 538f894ac52f831e0c1218987befe8fecea5485dfa9680e70806ebca0f07eda3
ip: 118.175.169.173
firstlogin: 1552303148595.000000
lastlogin: 1552303153981.000000
...
