---
password: 9a900403ac313ba27a1bc81f0932652b8020dac92c234d98fa0b06bf0040ecfd
ip: 101.51.8.105
firstlogin: 1551601014975.000000
lastlogin: 1551601020937.000000
...
