---
password: 7d76b39507bb57e3f1f34b16559a324b32a0cc8a3f4ab855b4415b0a8315e524
ip: 1.20.159.228
firstlogin: 1553239287457.000000
lastlogin: 1553239292663.000000
...
