---
password: 1933d4a79708d932c5a369130ceaa3e691dd6153f01055295227b511f855b721
ip: 118.174.170.73
firstlogin: 1551453125829.000000
lastlogin: 1551870555153.000000
...
