---
password: 15e2b0d3c33891ebb0f1ef609ec419420c20e320ce94c65fbc8c3312448eb225
ip: 182.232.26.242
firstlogin: 1551880165460.000000
lastlogin: 1551929136863.000000
...
