---
password: 0440b6fd8b068fce0258365c295f0f026e477d1155808c2ee9d2663d080e08d6
ip: 115.84.71.102
firstlogin: 1551182922711.000000
lastlogin: 1551880452068.000000
...
