---
password: 7a48353330c9f4b149d83ab047d0d3be218833062b7aa938f1e17612efbf3c8d
ip: 182.52.177.232
firstlogin: 1552373415506.000000
lastlogin: 1552373419495.000000
...
