---
password: 660548e2cfe663c3242bef4affc612b1cf2586c998ebb615326926db6085bb71
ip: 171.5.238.23
firstlogin: 1551193437294.000000
lastlogin: 1552323441201.000000
...
