---
password: 80853f24510189abca1b5e7c500c5f5b938ae0b2d23cd98042499450ab88057c
ip: 223.24.92.2
firstlogin: 1552789582872.000000
lastlogin: 1552789587735.000000
...
