---
password: 63640264849a87c90356129d99ea165e37aa5fabc1fea46906df1a7ca50db492
ip: 223.24.186.158
firstlogin: 1551499954106.000000
lastlogin: 1553471762397.000000
...
