---
password: 7363a45332a27269f4afe5827df26f5d0a9b4512852099b0a597be4558679b3b
ip: 125.25.38.56
firstlogin: 1552282701848.000000
lastlogin: 1552807814559.000000
...
