---
password: 6af993ce3cffeb15a009646e7667c5bb39dab6002d35387ad53802898b73b543
ip: 171.96.133.17
firstlogin: 1552184673640.000000
lastlogin: 1552895823162.000000
...
