---
password: 85ddfc1331de4b38618899e8b27629216404c4a91de894f87b539ed98984b513
ip: 101.51.111.212
firstlogin: 1551513881237.000000
lastlogin: 1551513884953.000000
...
