---
password: 15e2b0d3c33891ebb0f1ef609ec419420c20e320ce94c65fbc8c3312448eb225
ip: 174.127.78.55
firstlogin: 1551924031809.000000
lastlogin: 1552004714822.000000
...
