---
password: 24fabebb6e112cc9df3ac819a0718be73da42bb982fd651bf72ec2ebae7f4275
ip: 119.76.5.5
firstlogin: 1553348398802.000000
lastlogin: 1553348404268.000000
...
