---
password: 7d99fdab415387186e42e3ce3f53798c75d2aba0c5f401f8d5623737d4eeba9a
ip: 223.24.167.188
firstlogin: 1551443126163.000000
lastlogin: 1551445852368.000000
...
