---
password: 1df1854015e31ca286d015345eaff29a6c6073f70984a3a746823d4cac16b075
ip: 49.48.251.98
firstlogin: 1552206305330.000000
lastlogin: 1552206310423.000000
...
