---
password: 556e6009da3e2fc77aace228fe35f47a680c8ff9c2ecedd12490e588388529f5
ip: 182.232.136.203
firstlogin: 1551587236473.000000
lastlogin: 1551587241579.000000
...
