---
password: 1f6c45984d9bfd49f0557e1f4380c304d93930ad65281904e00f786127291a89
ip: 223.24.153.137
firstlogin: 1551176345338.000000
lastlogin: 1553433046782.000000
...
