---
password: 7506f5392376d47103d50844aba8154b917fc65c2731e3b46e6ed47210c25383
ip: 223.24.62.81
firstlogin: 1551368972995.000000
lastlogin: 1552573604561.000000
...
