---
password: 3927b9f4f4eed3563147920e667ab9586fe378a6547f4fe4094d1b80acbe58ce
ip: 223.24.187.27
firstlogin: 1553160238214.000000
lastlogin: 1553160242986.000000
...
