---
password: 5d3d8257999a05541e42c573427c7685ca70e9de725dda89c06423434d64a27c
ip: 49.230.241.241
firstlogin: 1552053553316.000000
lastlogin: 1552350883112.000000
...
