---
password: 1df1854015e31ca286d015345eaff29a6c6073f70984a3a746823d4cac16b075
ip: 27.55.24.25
firstlogin: 1552219715664.000000
lastlogin: 1552219719790.000000
...
