---
password: 1df1854015e31ca286d015345eaff29a6c6073f70984a3a746823d4cac16b075
ip: 125.25.95.238
firstlogin: 1552052713656.000000
lastlogin: 1552052718542.000000
...
