---
password: 9a900403ac313ba27a1bc81f0932652b8020dac92c234d98fa0b06bf0040ecfd
ip: 171.98.76.101
firstlogin: 1551962578548.000000
lastlogin: 1552094724991.000000
...
