---
password: 948f6c0b811432b9c2151b204b737cef90e62bb75271a136c3604df7e1e526b5
ip: 184.22.85.208
firstlogin: 1551713529235.000000
lastlogin: 1551713533976.000000
...
