---
password: 944b4688f1606b830769d47b260c1316c766de6bda47d2816ce25ee690fb50c0
ip: 223.206.248.188
firstlogin: 1552583279740.000000
lastlogin: 1552583284216.000000
...
