---
password: 5f1da0b3395d5de09eb366e738762276c5031c81405b7459561b83fa89cb1520
ip: 223.206.248.89
firstlogin: 1552583997031.000000
lastlogin: 1553395000997.000000
...
