---
password: 65a0bf7d9a214de6d77937f4d5b4fe699845423a2c52689c0cd903c691a8bebb
ip: 180.180.49.137
firstlogin: 1552351110882.000000
lastlogin: 1553400584545.000000
...
