---
password: 3855f9281f2840dc4227445d9022ebaacceb4edf6e00f4dfec9b96897e4aa5e6
ip: 223.24.23.166
firstlogin: 1552363538338.000000
lastlogin: 1552973454875.000000
...
