---
password: 3822cbba5617b6ccab66fb2351e1ddd427ba1056dd00dea43721e047d06f2977
ip: 223.24.164.137
firstlogin: 1552114248457.000000
lastlogin: 1552129098412.000000
...
