---
password: 01312cbaa23a60cbb00ee0908403a899208aaee8924e2a9dbe6b277160442ecf
ip: 223.24.144.243
firstlogin: 1551358956253.000000
lastlogin: 1551901490053.000000
...
