---
password: 0e2762a9731b370ba74af7584b79ac3ce9535615aad8755ad196d7c7822f2595
ip: 49.230.100.183
firstlogin: 1552049877072.000000
lastlogin: 1553307686955.000000
...
