---
password: 6007535801a41087c6015a2d2e086944cf5c536ffc1e94361f3b0cc16c9033c1
ip: 202.137.132.122
firstlogin: 1551570227608.000000
lastlogin: 1551689488593.000000
...
