---
password: 1c3e7d5f899facda7e0716768bbf3d5217f90707c281e95d0748d3e2b7cbfa33
ip: 223.207.30.34
firstlogin: 1551935055408.000000
lastlogin: 1552286320431.000000
...
