---
password: 3fe7b862193f64a4e5ab4b51eb75c444316668adda62d7dfed705650a0bfdba6
ip: 223.24.145.26
firstlogin: 1552309311385.000000
lastlogin: 1552309350292.000000
...
