---
password: 556e6009da3e2fc77aace228fe35f47a680c8ff9c2ecedd12490e588388529f5
ip: 182.232.3.255
firstlogin: 1552214213461.000000
lastlogin: 1552221469040.000000
...
