---
password: 1df1854015e31ca286d015345eaff29a6c6073f70984a3a746823d4cac16b075
ip: 184.22.190.182
firstlogin: 1553042992345.000000
lastlogin: 1553069347985.000000
...
