---
password: 79706fe7adaec10709f4f0ccb09b59fb9eccdc4a3ad9ff6d024b9111b34b1a2e
ip: 49.48.240.1
firstlogin: 1552565132718.000000
lastlogin: 1552565137107.000000
...
