---
password: 3b3b5462145f173821eac98a6c397457203a8a29271bfa2ef59bc9fd1f4d790d
ip: 182.232.163.172
firstlogin: 1551776402278.000000
lastlogin: 1551777099062.000000
...
