---
password: 413946479a3a83213b4acbc06249a78c25159897b030375d268b786eddddd543
ip: 171.5.235.113
firstlogin: 1551442867341.000000
lastlogin: 1551442874425.000000
...
