---
password: 549de9c818f085631f70961cbd19669638046523aee3dff80ce73d11b5f471ef
ip: 1.10.203.48
firstlogin: 1552649265172.000000
lastlogin: 1552649269015.000000
...
