---
password: 9257970bc4c4163c673336f01cb5ceb1180214012ddb1b438ec5696948fd9121
ip: 27.55.78.124
firstlogin: 1552260819092.000000
lastlogin: 1552260823983.000000
...
