---
password: 53500c1a3928592cc2cd1fded997c2a04b50b2be8b6b6977b5b36bd9ab1456e7
ip: 27.55.91.77
firstlogin: 1551273986151.000000
lastlogin: 1551273988547.000000
...
