---
password: 4ba144d1199854fef4c28e8d295fad479ae3c739a558882119d6a2bfdbf42697
ip: 182.232.34.49
firstlogin: 1551245640277.000000
lastlogin: 1551245642977.000000
...
