---
password: 4761dc1185d8c9c79e8644318f1d4e1a97e8784f3c2cb0ed4aee066568c42f20
ip: 184.22.254.18
firstlogin: 1552056925906.000000
lastlogin: 1552056944755.000000
...
