---
password: 87780fa5de684e87cb92b279f0bc07b14f572851e73b8943a097c1770a5f38e6
ip: 49.48.52.219
firstlogin: 1552916160531.000000
lastlogin: 1552917164868.000000
...
