---
password: 6ba9778702e94c3ead8636e726c7752d09c79fa907320bd79ee61f4c0fb27e9d
ip: 182.232.13.211
firstlogin: 1552547625467.000000
lastlogin: 1552547630254.000000
...
