---
password: 9260f889a03c3de5a806b802afdcca308513328a90c44988955d8dc13dd93504
ip: 223.24.144.75
firstlogin: 1553055678011.000000
lastlogin: 1553055683467.000000
...
