---
password: 95234f027b5da5a09928bde5fc432a8a1e525559cab08b830e8bdff74a9db93a
ip: 122.155.38.250
firstlogin: 1553319938410.000000
lastlogin: 1553319943460.000000
...
