---
password: 8c586a074ed73366348cecd0dc6574b53d7515e313bafc4fa95191887cfd3989
ip: 179.252.215.153
firstlogin: 1552188538118.000000
lastlogin: 1552188546826.000000
...
