---
password: 720d014b703772b3a32810f64609a32a7a5b0c063bac82547d034d26710ca2fc
ip: 115.84.70.117
firstlogin: 1553166810763.000000
lastlogin: 1553166815827.000000
...
