---
password: 850b21bb096205d2d78701c4587f71a6ada35b5de45d7912e8c63060e807e539
ip: 223.24.168.152
firstlogin: 1551351417252.000000
lastlogin: 1552655017373.000000
...
