---
password: 50c137a95b3bcf8b7034906e26f31e3d3b211b58e7c4c996bbb70aa3d3093973
ip: 1.47.232.136
firstlogin: 1551608164609.000000
lastlogin: 1551608168850.000000
...
