---
password: 2e6887c8745b28fce2e729491ab7e4c63b527baf8c76a649f277623af34be211
ip: 182.232.39.68
firstlogin: 1553219324493.000000
lastlogin: 1553219328900.000000
...
