---
password: 9fc82759b24a291243bb4223b96560dc812c15955c796259737a86f0f5573b98
ip: 223.24.153.126
firstlogin: 1551697289725.000000
lastlogin: 1551697295154.000000
...
