---
password: 3725a8eefcba555b700b424aea33a15bd31cc919aff974f37cf6340b9951bb4f
ip: 180.180.68.202
firstlogin: 1551349009379.000000
lastlogin: 1553447481304.000000
...
