---
password: 30dd57d36a53ab9db1b35bdfbe67b4e3542d86bb36f690c7e429446ea6ca8d24
ip: 1.10.209.252
firstlogin: 1551704315531.000000
lastlogin: 1551704320115.000000
...
