---
password: 15e2b0d3c33891ebb0f1ef609ec419420c20e320ce94c65fbc8c3312448eb225
ip: 182.232.178.245
firstlogin: 1551409744444.000000
lastlogin: 1551409748238.000000
...
