---
password: 5e70053304428445a1ef3e2e83cd23c8f07c027d8cfdf6933adcc176b353079e
ip: 115.87.49.136
firstlogin: 1552548363365.000000
lastlogin: 1552993314244.000000
...
