---
password: 1011637788e9d097f2a44bc81ea551344e0b2cfe0a2e832919bed65e31da2265
ip: 223.24.174.178
firstlogin: 1553433449190.000000
lastlogin: 1553474269224.000000
...
