---
password: 7ea7e8dbac21a276d0112b7fd13945d27dc39c9f0d9d2490063eb9b45c2ed759
ip: 182.232.147.104
firstlogin: 1552887827989.000000
lastlogin: 1552890924423.000000
...
