---
password: 8c586a074ed73366348cecd0dc6574b53d7515e313bafc4fa95191887cfd3989
ip: 171.99.161.12
firstlogin: 1552929983427.000000
lastlogin: 1552929988297.000000
...
