---
password: 40b4769bd337f8aac04d029a72336f19af0883f767e9fdb11ee3b93e987255a2
ip: 182.232.140.117
firstlogin: 1552707239768.000000
lastlogin: 1552707244479.000000
...
