---
password: 183df1a5384b3ab9aab9193aa7b9646fde0b8d2b718582d8cb65670e6b7ebc55
ip: 182.52.213.136
firstlogin: 1551605597604.000000
lastlogin: 1552524177020.000000
...
