---
password: 183df1a5384b3ab9aab9193aa7b9646fde0b8d2b718582d8cb65670e6b7ebc55
ip: 101.51.252.85
firstlogin: 1551588110942.000000
lastlogin: 1551604663707.000000
...
