---
password: 9a900403ac313ba27a1bc81f0932652b8020dac92c234d98fa0b06bf0040ecfd
ip: 182.232.181.252
firstlogin: 1552869917168.000000
lastlogin: 1552869921173.000000
...
