---
password: 86cef0bede75984da9f61231f3d5b6ba4bfb88c68d2e7e9045b5696272f5c3c2
ip: 223.206.133.247
firstlogin: 1552706007093.000000
lastlogin: 1552718068561.000000
...
