---
password: 7fb42efc8a4b358195293dbaf16e4ff743cc8eab2f931dee7fa9a5f9cdf8858a
ip: 223.205.199.115
firstlogin: 1553348713506.000000
lastlogin: 1553348717739.000000
...
