---
password: 9ba851b7d211c288360f1fc2a7b9ace8f507f0a2b21de8ab87902427a5568ad9
ip: 223.204.232.249
firstlogin: 1552955381574.000000
lastlogin: 1552983047335.000000
...
