---
password: 714e37df936d75d5bec9762b7dbaa26c996f2e499ab64978a8bc4eb95a1cdaea
ip: 184.22.126.57
firstlogin: 1552449764672.000000
lastlogin: 1552479395194.000000
...
