---
password: 2124655a1bee8152f4fbc38f3c445efdebc60de8823f023a1406113996868217
ip: 49.230.210.112
firstlogin: 1551452851090.000000
lastlogin: 1551452855214.000000
...
