---
password: 955e1dfbdc18d758fd4e91248764b6f88d283aaad289f2808b1dcf7b305a83a1
ip: 49.229.151.9
firstlogin: 1552096813223.000000
lastlogin: 1552096819822.000000
...
