---
password: 5e680cdb948c0420b2cec99307ac054297d07a48e372ce41892b05119300d3a3
ip: 223.205.251.72
firstlogin: 1552211486036.000000
lastlogin: 1552211489751.000000
...
