---
password: 75d30601e7fd7ba139e52bbb92e521a81c48cbfe75b497b05b1b9de65ddc8012
ip: 182.232.179.230
firstlogin: 1552064880032.000000
lastlogin: 1553038284705.000000
...
