---
password: 4e8b06d05e99e856cb4bba229ad17ab89c72b94b10429d80228d3d0f2358af88
ip: 171.5.237.90
firstlogin: 1551500442513.000000
lastlogin: 1551500448788.000000
...
