---
password: 5c80565db6f29da0b01aa12522c37b32f121cbe47a861ef7f006cb22922dffa1
ip: 114.109.124.183
firstlogin: 1552246425938.000000
lastlogin: 1553335239288.000000
...
