---
password: 5c80565db6f29da0b01aa12522c37b32f121cbe47a861ef7f006cb22922dffa1
ip: 110.168.152.8
firstlogin: 1551505749267.000000
lastlogin: 1551505754425.000000
...
