---
password: 13383aa67a4a137c29f75032bbf6576def4bd7ef591c59afb522bc6c81fd41cf
ip: 223.206.237.98
firstlogin: 1552101689623.000000
lastlogin: 1552887557378.000000
...
