---
password: 4a7348c258cb9deaa8a6e1a2d8a90bd35a38cab2ef034a013043ee42213df87f
ip: 182.232.132.60
firstlogin: 1552344109157.000000
lastlogin: 1552431565456.000000
...
