---
password: 1df1854015e31ca286d015345eaff29a6c6073f70984a3a746823d4cac16b075
ip: 171.4.120.205
firstlogin: 1551788582147.000000
lastlogin: 1551788586669.000000
...
