---
password: 65cc77a3fff05db5abbf647cd804a433cc330229e0dfdbaeca1f322ef8a4990c
ip: 115.84.70.2
firstlogin: 1552650142568.000000
lastlogin: 1552650147716.000000
...
