---
password: 183df1a5384b3ab9aab9193aa7b9646fde0b8d2b718582d8cb65670e6b7ebc55
ip: 1.10.208.128
firstlogin: 1551872852004.000000
lastlogin: 1553421622619.000000
...
