---
password: 15e2b0d3c33891ebb0f1ef609ec419420c20e320ce94c65fbc8c3312448eb225
ip: 115.87.48.96
firstlogin: 1552037137434.000000
lastlogin: 1552105537821.000000
...
