---
password: 0d15486ccf18e76a3ab3d8da1ac3c92944c62b0f65a8f490842e7a5f753e65da
ip: 223.24.175.60
firstlogin: 1552835914064.000000
lastlogin: 1552835918922.000000
...
