---
password: 0a1b348d8829ffba74a0aa40305c6675028f090460b3eeaa3651c918ef0d4dcb
ip: 1.46.196.1
firstlogin: 1552197581510.000000
lastlogin: 1552197586486.000000
...
