---
password: 1e8ed3f9625088acab2bec39ac281d27006c0a78a17fefb7bf11cd48c12a5bc2
ip: 1.46.196.1
firstlogin: 1552198937611.000000
lastlogin: 1552198943256.000000
...
