---
password: 5be0888bbe2087f962fee5748d9cf52e37e4c6a24af79675ff7e1ca0a1b12739
ip: 43.224.39.164
firstlogin: 1551460387755.000000
lastlogin: 1551460392611.000000
...
