---
password: 7def27b54ba058c3a10ef34cc1170b7808d67714ad7fedfa56f1793e2da84988
ip: 223.205.238.198
firstlogin: 1551445451142.000000
lastlogin: 1551581288394.000000
...
