---
password: 7e071fd9b023ed8f18458a73613a0834f6220bd5cc50357ba3493c6040a9ea8c
ip: 182.232.161.27
firstlogin: 1553168289088.000000
lastlogin: 1553241295519.000000
...
