---
password: 9438c3d7bfbbd77ed1fb5686fab8a45acb9dc82f3c21c3fbaa66abc26711efd7
ip: 27.145.208.180
firstlogin: 1552784880952.000000
lastlogin: 1553436409895.000000
...
