---
password: 1f770751e5d457b89ac7eef656a66e579ca71d0295c2428d4cee577095ecdcbf
ip: 118.172.28.198
firstlogin: 1552054788702.000000
lastlogin: 1552054794988.000000
...
