---
password: 3f460c83faf3e486efd586d9915db8f38c547b7b8edbd1fde0d6d55349eb4d95
ip: 223.24.175.51
firstlogin: 1551597509961.000000
lastlogin: 1553154683149.000000
...
