---
password: 0536f671bcc1e1cbd7244c1420a8febaacb7332b74cc90360070143d01a8e114
ip: 182.232.185.251
firstlogin: 1552905407211.000000
lastlogin: 1552905411989.000000
...
