---
password: 0810404e206a629c54b45cb4a19d0834e21ab2dba13a7b8d6a18eba727a60333
ip: 27.145.29.142
firstlogin: 1551177289792.000000
lastlogin: 1551692669738.000000
...
