---
password: 2dc813578a341494d1d1229d7954f2f64e69acbc6bab7740037d51e8e50c5fec
ip: 49.230.245.255
firstlogin: 1552042308892.000000
lastlogin: 1552042315705.000000
...
