---
password: 46dc766ad2185c7c237dbe9ea57a3e8485171317cf3a221de9987774f957f627
ip: 115.87.153.210
firstlogin: 1552040975139.000000
lastlogin: 1552040980843.000000
...
