---
password: 7ae070b3f6eabb2ab6b71091f605696e6eb470594468c17f3bff35ea9448f0ab
ip: 171.6.177.145
firstlogin: 1552045434525.000000
lastlogin: 1552118938424.000000
...
