---
password: 7da567684a284991698474dc20d12a57af2234746bf687ebdf9ad4fb8fc5cd90
ip: 49.229.65.60
firstlogin: 1553386258342.000000
lastlogin: 1553386263246.000000
...
