---
password: 448b913acb1d6c57887ddf2238ff0f31aac80e1f0070bedd4050b365b78ae421
ip: 223.24.94.144
firstlogin: 1551174839147.000000
lastlogin: 1552298912581.000000
...
