---
password: 32b549c0b71fc326d5a793702558446e286af6ed66f6631eb6906bc039d1320c
ip: 182.232.170.234
firstlogin: 1551502145515.000000
lastlogin: 1553098679990.000000
...
