---
password: 1df1854015e31ca286d015345eaff29a6c6073f70984a3a746823d4cac16b075
ip: 1.47.102.72
firstlogin: 1551263291471.000000
lastlogin: 1551263295310.000000
...
