---
password: 775642a57079b09b820524e08de3cd65f01a71938a50925aaa153e4c00bb00b9
ip: 124.122.16.200
firstlogin: 1551688835871.000000
lastlogin: 1551688840403.000000
...
