---
password: 8a9bcf1e51e812d0af8465a8dbcc9f741064bf0af3b3d08e6b0246437c19f7fb
ip: 223.24.189.150
firstlogin: 1551972278620.000000
lastlogin: 1551972282284.000000
...
