---
password: 1db9a677aa1239befea89efc218fa596f38dfa555778517f746649cbb5d613e5
ip: 101.108.61.74
firstlogin: 1553067007426.000000
lastlogin: 1553230649239.000000
...
