---
password: 7ae070b3f6eabb2ab6b71091f605696e6eb470594468c17f3bff35ea9448f0ab
ip: 183.88.196.208
firstlogin: 1551696290360.000000
lastlogin: 1553016906621.000000
...
