---
password: 1c38bd241143254f49f069ef59bed782ad3c201173a8d2588457382f98a757a1
ip: 115.87.239.89
firstlogin: 1552207937812.000000
lastlogin: 1552207942252.000000
...
