---
password: 45f4a3ee810b06447c2a7eb159182f44d75cce75f0d56f96aa353582d3ec699e
ip: 118.172.59.33
firstlogin: 1552904596691.000000
lastlogin: 1553186325715.000000
...
