---
password: 22aaf69c4cb19077b0b242a813c670a7bb9a7c1e9e482779547d600a8f7e3738
ip: 49.230.192.233
firstlogin: 1552995791347.000000
lastlogin: 1552995796862.000000
...
