---
password: 9a900403ac313ba27a1bc81f0932652b8020dac92c234d98fa0b06bf0040ecfd
ip: 124.122.90.48
firstlogin: 1551688646933.000000
lastlogin: 1551688651649.000000
...
