---
password: 15e2b0d3c33891ebb0f1ef609ec419420c20e320ce94c65fbc8c3312448eb225
ip: 124.120.123.225
firstlogin: 1551958706294.000000
lastlogin: 1551959361202.000000
...
