---
password: 1df1854015e31ca286d015345eaff29a6c6073f70984a3a746823d4cac16b075
ip: 1.2.140.181
firstlogin: 1553175004869.000000
lastlogin: 1553175008612.000000
...
