---
password: 1b288435e889ff7c6bf0ef05271a6516561c84e601253833230a7e0c0482991e
ip: 223.24.185.33
firstlogin: 1551619019836.000000
lastlogin: 1551619023743.000000
...
