---
password: 7da567684a284991698474dc20d12a57af2234746bf687ebdf9ad4fb8fc5cd90
ip: 223.24.171.169
firstlogin: 1551708216368.000000
lastlogin: 1551708227131.000000
...
