---
password: 9ea13afc6d1fea9b3ba059c4a65ca2849b5373411a97e775927e7bfd67f78dbb
ip: 182.232.145.198
firstlogin: 1551177569628.000000
lastlogin: 1552814739357.000000
...
