---
password: 09cc1ba5793488066eb9bde432571aa0b152f842e8450b987d72ca8fa0d6911b
ip: 223.24.92.25
firstlogin: 1552147323830.000000
lastlogin: 1552147356959.000000
...
