---
password: 1df1854015e31ca286d015345eaff29a6c6073f70984a3a746823d4cac16b075
ip: 223.205.232.122
firstlogin: 1551786648202.000000
lastlogin: 1551786654441.000000
...
