---
password: 4610090408b8aaeddb49d716a57793ebbca23d17f62b9334ff8df6bfa415ea3b
ip: 1.46.161.159
firstlogin: 1551609778160.000000
lastlogin: 1551726264926.000000
...
