---
password: 8e11a5c5f7d7e8593cca3c4306a919ff15becc4ac3f15b72175a3fdce876e9fb
ip: 49.230.57.141
firstlogin: 1553163936237.000000
lastlogin: 1553345995723.000000
...
