---
password: 556e6009da3e2fc77aace228fe35f47a680c8ff9c2ecedd12490e588388529f5
ip: 49.229.80.23
firstlogin: 1551710274164.000000
lastlogin: 1551710303974.000000
...
