---
password: 15e2b0d3c33891ebb0f1ef609ec419420c20e320ce94c65fbc8c3312448eb225
ip: 113.53.219.220
firstlogin: 1551870690388.000000
lastlogin: 1551870699206.000000
...
