---
password: 8bb0cf6eb9b17d0f7d22b456f121257dc1254e1f01665370476383ea776df414
ip: 101.108.206.179
firstlogin: 1552097090599.000000
lastlogin: 1552097095423.000000
...
