---
password: 90634548a2c4fc46fc1b8865f4634dfdb042a12fbcaeb00eb61b1fb1c4d90863
ip: 171.7.134.108
firstlogin: 1552979492436.000000
lastlogin: 1552979496933.000000
...
