---
password: 15e2b0d3c33891ebb0f1ef609ec419420c20e320ce94c65fbc8c3312448eb225
ip: 49.49.238.183
firstlogin: 1552009941089.000000
lastlogin: 1552526370124.000000
...
