---
password: 14bbe121d32a6ec27174ca7b2ff97cd7cd4d06360c32f0e41f04989fcfdb315e
ip: 223.207.245.70
firstlogin: 1552308374491.000000
lastlogin: 1552308378864.000000
...
