---
password: 6ea876d578a7a987c93363f88566b42ff697710c6d3a4f147aa410f01a50e46d
ip: 184.22.235.12
firstlogin: 1553055691324.000000
lastlogin: 1553055877776.000000
...
