---
password: 1df1854015e31ca286d015345eaff29a6c6073f70984a3a746823d4cac16b075
ip: 223.24.164.104
firstlogin: 1551496215864.000000
lastlogin: 1552814251011.000000
...
