---
password: 15e2b0d3c33891ebb0f1ef609ec419420c20e320ce94c65fbc8c3312448eb225
ip: 223.206.241.128
firstlogin: 1551682327881.000000
lastlogin: 1551682332105.000000
...
