---
password: 1746b3e567e8b1ead51767497303257e2b3205e810c1cd3a98bfdd5925d6105b
ip: 223.204.233.107
firstlogin: 1553263570919.000000
lastlogin: 1553305001535.000000
...
