---
password: 2b532a4c257cb1f45bbd7cb624c01e6bfee1813b6e5330821387ba417b609348
ip: 171.97.141.172
firstlogin: 1551691390392.000000
lastlogin: 1551691394220.000000
...
