---
password: 08113a3db2856f879a45f8b5832a67f68bb982102f6ccce1409801bc1805b9c8
ip: 223.24.146.164
firstlogin: 1551884869292.000000
lastlogin: 1551923940662.000000
...
