---
password: 15e2b0d3c33891ebb0f1ef609ec419420c20e320ce94c65fbc8c3312448eb225
ip: 124.121.62.190
firstlogin: 1553090289430.000000
lastlogin: 1553090293385.000000
...
