---
password: 11da17e64144b7a6aa334f599a9a5d0fdfadc7ad2bea8d00c306c59743385a74
ip: 223.24.154.22
firstlogin: 1551591594512.000000
lastlogin: 1551591598951.000000
...
