---
password: 101363078c6af4643b4d6b2c6389215d2f7d7ec9baa264477477e5975103836a
ip: 128.199.111.116
firstlogin: 1551452156010.000000
lastlogin: 1552972216039.000000
...
