---
password: 8b2f78277f38ff030c9a47dd241ae60540e4b686e08f29dee1cf63a88879c52a
ip: 49.48.250.48
firstlogin: 1551186490514.000000
lastlogin: 1551186514191.000000
...
