---
password: 7ae070b3f6eabb2ab6b71091f605696e6eb470594468c17f3bff35ea9448f0ab
ip: 223.24.92.252
firstlogin: 1552486370790.000000
lastlogin: 1552486375105.000000
...
