---
password: 1bc4a038c086c54ecf5d23b589d7d3c7b3c8c0c31f7fc73dd7aa8b13a3047924
ip: 49.48.47.61
firstlogin: 1553095565020.000000
lastlogin: 1553128731076.000000
...
