---
password: 4b24e2b2eb2a5e9cae5a798afa3bc4f5ddeb59e814e3dcab0c8c23e1001a3ddf
ip: 182.232.185.107
firstlogin: 1551416823209.000000
lastlogin: 1551416826997.000000
...
