---
password: 7f0f8085305712f8f5ab65b9d14320d61df84c12aa545683518771748ea21258
ip: 171.96.187.94
firstlogin: 1552151761038.000000
lastlogin: 1552151764738.000000
...
