---
password: 605f0a1a178163d55bf251d0af8b73b26bffce1c020ea65efd22c2292b7b2e67
ip: 27.55.83.140
firstlogin: 1552095174111.000000
lastlogin: 1553010983053.000000
...
