---
password: 17417ebfe065a26e4fe02b9fe45db1e6905c1b61525b948af94f1cd273d81412
ip: 113.53.123.254
firstlogin: 1552707999103.000000
lastlogin: 1552708004247.000000
...
