---
password: 24692284fa11fd5625fc5a46908891c155630f66bcba84e8ab5d8719fb89ec3b
ip: 1.47.12.42
firstlogin: 1552910589888.000000
lastlogin: 1552910594174.000000
...
