---
password: 12d97f21e3a4c5c93166ef654b1a7ead0336d223f556d844150f46a931f444ae
ip: 223.24.164.165
firstlogin: 1551690993734.000000
lastlogin: 1552630789735.000000
...
