---
password: 15e2b0d3c33891ebb0f1ef609ec419420c20e320ce94c65fbc8c3312448eb225
ip: 124.120.121.153
firstlogin: 1552963733418.000000
lastlogin: 1552963910630.000000
...
