---
password: 1884baf90e8018ffc2105bea57aedcc5876a1f3d58387e26efcd10b7a462ef4a
ip: 101.109.81.111
firstlogin: 1553274625448.000000
lastlogin: 1553274630693.000000
...
