---
password: 8de5d237490649827818db4b06d2282c2d91112830d835dc30f160e49cb66f25
ip: 113.53.179.159
firstlogin: 1552779999519.000000
lastlogin: 1552920580260.000000
...
