---
password: 1df1854015e31ca286d015345eaff29a6c6073f70984a3a746823d4cac16b075
ip: 171.97.74.34
firstlogin: 1551835647941.000000
lastlogin: 1551835652363.000000
...
